gfs.json
{"header": {"discipline":0,"disciplineName":"Meteorological products","gribEdition":2,"gribLength":132662,"center":7,"centerName":"US National Weather Service - NCEP(WMC)","subcenter":0,"refTime":"2014-03-04T06:00:00.000Z","significanceOfRT":1,"significanceOfRTName":"Start of forecast","productStatus":0,"productStatusName":"Operational products","productType":1,"productTypeName":"Forecast products","productDefinitionTemplate":0,"productDefinitionTemplateName":"Analysis/forecast at horizontal level/layer at a point in time","parameterCategory":2,"parameterCategoryName":"Momentum","parameterNumber":3,"parameterNumberName":"V-component_of_wind","parameterUnit":"m.s-1","genProcessType":2,"genProcessTypeName":"Forecast","forecastTime":9,"surface1Type":100,"surface1TypeName":"Isobaric surface","surface1Value":50000,"surface2Type":255,"surface2TypeName":"Missing","surface2Value":0,"gridDefinitionTemplate":0,"gridDefinitionTemplateName":"Latitude_Longitude","numberPoints":65160,"shape":6,"shapeName":"Earth spherical with radius of 6,371,229.0 m","gridUnits":"degrees","resolution":48,"winds":"true","scanMode":0,"nx":360,"ny":181,"basicAngle":0,"subDivisions":0,"lo1":0,"la1":90,"lo2":359,"la2":-90,"dx":1,"dy":1}, "data":
[rows 36 to 71 of 181, columns 81 to 161 of 360]
-10.37,-14.28,-17.17,-18.41,-17.41,-14.6,-12.79,-12.96,-13.45,-14.99,-15.54,-15.17,-13.77,-12.02,-10.69,-7.49,-2.58,1.15,1.64,-0.31,-2.73,-5.97,-9.89,-13.77,-17.01,-19.26,-21.25,-21.38,-20.69,-15.7,-10.03,-6.71,-5.25,-4.56,-4.03,-3.6,-3.79,-4.69,-5.86,-6.86,-7.4,-7.68,-8.23,-9.09,-9.89,-9.82,-8.53,-6.47,-3.2,0.87,2.91,2.2,2.43,2.21,1.49,0.59,0.34,-0.81,-2.45,-3.61,-4.42,-5.63,-6.83,-7.11,-6.01,-3.72,-0.48,2.5,3.23,2.51,6.05,11.37,13.06,13.55,11.91,7.04,4.26,4.11,4.13,3.99,2.6
-9.99,-13.64,-16.47,-17.93,-17.33,-15.39,-13.67,-13.17,-13.7,-14.65,-15.82,-15.98,-14.82,-13,-10.87,-6.83,-2.64,-1.01,0.32,-0.44,-3.11,-5.48,-8.45,-12.44,-16.07,-18.72,-20.45,-22.8,-22.08,-17.78,-12.85,-8.94,-6.78,-5.69,-5.1,-4.39,-3.72,-3.4,-3.99,-5.32,-6.58,-7.29,-7.27,-7.27,-7.7,-8.1,-7.85,-6.55,-3.15,1.06,1.86,0.87,1.47,2.09,2.03,1.49,1.36,0.71,-0.26,-1.7,-2.99,-3.6,-3.98,-4.57,-5.57,-6.65,-6.72,-5.16,-1.79,1.07,1.37,3.36,7.66,10.77,11.75,12.08,11.81,11.74,10.6,10.98,8.72
-9.58,-12.32,-15.03,-16.72,-16.82,-15.92,-14.68,-13.84,-14.46,-15.09,-16.21,-16.44,-14.08,-11.59,-8.46,-7.01,-5.25,-3.36,-1.01,-0.82,-3.45,-5.28,-7.37,-10.68,-14.26,-17.52,-19.6,-20.06,-19.99,-20.05,-16.76,-11.63,-9.18,-7.16,-5.92,-5.32,-4.46,-3.59,-3.19,-3.48,-4.43,-5.79,-6.88,-7.22,-7.31,-7.39,-7,-5.51,-2.49,-0.07,-0.41,-1.14,-0.29,1.09,1.9,2.27,2.32,1.94,1.23,0.76,0.41,-0.56,-1.87,-2.95,-3.53,-3.96,-4.66,-6.43,-8.58,-7.53,-3.44,-0.8,1.06,3.92,6.18,6.4,5.65,4.6,5.34,7.05,6.46
-8.58,-10.51,-12.59,-13.74,-14.59,-14.95,-13.74,-14.3,-13.91,-13.86,-14.16,-15.31,-13.96,-11.58,-9.65,-7.46,-5.77,-5.31,-4.68,-2.42,-3.47,-6.09,-7.47,-8.91,-11.08,-13.66,-16.64,-18.62,-20.28,-20.69,-19.26,-15.35,-11.21,-8.59,-7.27,-6.11,-5.16,-4.23,-3.49,-3.31,-3.69,-4.33,-5.47,-6.51,-7.13,-7.13,-6.33,-4.46,-2.37,-1.8,-2.44,-3,-1.88,-0.62,0.88,1.36,1.65,2.25,3.01,3.06,2.59,1.56,0.72,0.58,0.26,-1.04,-2.24,-3.01,-5.05,-8.96,-10.73,-8.02,-4.28,-1.49,0.08,1.04,1.71,3.24,4.61,5.41,5.36
-7.95,-9.21,-10.32,-11.4,-12.43,-12.99,-13.92,-13.7,-14.98,-14.53,-14.28,-14.71,-13.27,-11.45,-9.76,-8.68,-6.48,-5.46,-6.37,-5.54,-3.95,-4.85,-7.04,-8.47,-10.67,-13.42,-16.23,-18.05,-19.78,-21.18,-20.17,-15.83,-12.5,-10.58,-8.48,-6.75,-5.47,-4.98,-4.43,-4.1,-3.96,-4.32,-5.17,-5.68,-5.73,-5.64,-5.35,-4.48,-3.76,-3.43,-3.28,-2.84,-1.99,-0.62,0.09,0.55,1.14,2.43,2.75,2.7,3.37,3.28,2.9,2.75,2.35,1.67,0.53,-1.41,-3.14,-4.79,-7.55,-10.25,-10.52,-8.52,-5.21,-1.65,-0.79,-0.48,1.11,3.14,4.54
-6.97,-8.73,-9.09,-8.88,-9.35,-10.52,-12.34,-12.76,-14.17,-13.99,-14.79,-13.24,-12.84,-10.66,-9.17,-8.25,-7.73,-6.56,-6.48,-7.09,-6.69,-5.88,-6.16,-7.61,-9.41,-11.19,-13.56,-15.86,-16.68,-15.87,-14.74,-14.33,-13.27,-11.91,-10.02,-7.95,-6.25,-4.78,-4.5,-5.47,-5.7,-5.02,-5.32,-5.8,-5.88,-5.65,-5.48,-5.19,-4.72,-4.22,-3.16,-2.16,-0.82,0.65,1.51,1.47,2.06,3.99,4.89,3.1,3.04,2.46,1.69,1.74,1.31,0.81,1.28,1.78,0.44,-2.73,-5.63,-7.75,-9.81,-11.41,-11.53,-8.48,-3.74,-1.14,-0.73,0.05,2.07
-6.18,-7.67,-8.92,-8.58,-7.74,-7.87,-9.33,-11.28,-12.45,-13.81,-13.21,-13.79,-11.56,-10.27,-8.99,-8.73,-8.24,-8.07,-7.73,-7.22,-7.37,-8.03,-8.1,-8.34,-9.46,-10.7,-10.8,-9.92,-10.43,-12.13,-12.93,-12.82,-12.33,-11.61,-10.77,-8.93,-6.64,-4.8,-4.52,-4.9,-5.15,-6.52,-7.99,-7.23,-6.19,-5.78,-5.4,-4.9,-3.8,-2.58,-1.66,-0.08,1,1.82,2.51,2.78,3.82,5.36,4.91,4.58,3.37,2.26,1.07,-0.34,-0.45,-0.64,-1.34,-1.38,0.07,0.52,-1.99,-5.34,-7.19,-8.88,-11.42,-12.81,-9.97,-4.96,-2.28,-1.82,-1.12
-4.99,-6.61,-7.98,-8.83,-8.59,-7.37,-8.27,-10.56,-12.22,-13.06,-12.93,-11.29,-10.99,-9.3,-8.57,-7.97,-7.81,-7.38,-7.34,-7.15,-6.46,-6.92,-7.32,-8.37,-9.23,-9.54,-9.79,-10.36,-10.74,-10.74,-10.82,-10.75,-10.94,-11.24,-10.87,-9.75,-8.19,-6.13,-4.81,-4.62,-5.74,-7.17,-7.89,-7.83,-6.5,-5.35,-4.39,-2.93,-1.54,-0.62,0.61,1.51,2.14,2.47,2.89,3.86,5.14,5.72,4.04,3.3,2.72,2.16,2.3,1.41,-0.81,-2.06,-2.69,-3.57,-3.84,-3.23,-2.39,-3.11,-5.81,-8.29,-10.32,-11.88,-11.76,-9.13,-5.34,-2.98,-2.14
-2.08,-5.07,-5.65,-7.65,-8.1,-8.56,-8.73,-9.91,-11.29,-11.92,-11.73,-11.25,-9.77,-8.37,-8.01,-8.16,-7.86,-7.61,-7.41,-7.01,-7.43,-7.54,-7.73,-8.26,-9.22,-10.11,-10.45,-10.16,-9.97,-10.09,-9.97,-10.2,-10.75,-11.44,-11.3,-10.2,-8.65,-7.21,-6.72,-6.09,-5.73,-5.46,-5.11,-4.69,-4.44,-3.66,-2.43,-1.21,-0.19,0.68,1.37,2.05,3.11,3.64,4.13,4.91,6.61,5.25,5.35,6.07,6.22,5.06,3.29,1.97,0.61,-0.94,-2.14,-3.17,-4.58,-5.92,-6.43,-6.11,-5.53,-7.28,-9.73,-11.13,-11.24,-10.85,-7.91,-4.32,-2.73
-2.39,-2.52,-4.88,-5.96,-6.87,-7.94,-8.93,-9.6,-10.15,-10.45,-10.5,-10.25,-9.17,-8.54,-7.85,-7.89,-7.46,-6.96,-6.79,-6.19,-5.91,-6.11,-7.14,-7.73,-8,-8.58,-9.63,-10.55,-10.62,-10.69,-10.84,-10.83,-10.59,-10.47,-10.15,-9.72,-9.93,-10.44,-8.79,-6.26,-5.85,-5.44,-4.67,-4.2,-3.67,-2.46,-1.39,-0.54,0.09,1.38,2.88,3.96,4.43,5.51,7.34,9.26,7.34,7.66,9.68,10.23,9.37,8.05,5.95,3.64,0.93,-2.35,-5.75,-7.84,-7.37,-7.63,-8.91,-9.98,-9.48,-8.11,-8.69,-10.28,-10.9,-10.28,-7.98,-4.7,-2.78
-2.44,-2.29,-3.16,-2.35,-5.29,-7.15,-8.08,-8.82,-10.07,-10.43,-9.97,-9.23,-8.66,-8.47,-8.1,-7.34,-6.87,-6.68,-7.09,-7.09,-6.6,-7.18,-7,-7.47,-8.29,-8.76,-8.98,-9.99,-10.74,-10.76,-10.69,-10.65,-10.92,-10.78,-10.54,-10.81,-11.09,-10.68,-9.3,-8.06,-6.52,-5.14,-4.21,-3.66,-3.32,-2.55,-1.14,-0.04,1.64,3.13,4.48,6.2,9.06,11.09,9.01,6.44,7.1,8.33,8.71,8.93,8.97,7.63,5.13,1.84,-0.92,-3.68,-6.56,-10.67,-14.38,-14.26,-12.67,-12.41,-13.17,-12.47,-10.81,-10.14,-10.3,-9.28,-6.95,-4.17,-2.3
-2.13,-4.01,-5.05,-6.13,-5.85,-4.31,-4.3,-7.68,-8.39,-7.13,-6.91,-7.58,-7.64,-8.34,-6.65,-6.97,-6.99,-6.87,-6.66,-7.31,-7.66,-7.31,-7.11,-7.25,-7.18,-8.27,-8.83,-8.72,-8.46,-8.66,-9.39,-10.01,-10.96,-12.12,-13.11,-13.14,-12.53,-11.59,-9.94,-7.74,-6.42,-6.46,-5.98,-3.99,-2.36,-1.52,1,2.62,4.54,5.9,9.21,11.88,11.09,8.22,7.99,8.75,8.36,7.56,7.8,8.55,7.35,4.82,2.48,0.46,-1.05,-3.27,-5.53,-8.06,-11.74,-16.22,-18.53,-17.38,-15.66,-15.26,-14.22,-12.45,-11.33,-9.93,-7.18,-3.44,-0.97
-0.95,-0.35,-2.02,-2.95,-3.78,-2.99,-3.94,-3.86,-3.84,-4.44,-5.04,-5.14,-5.48,-5.07,-5.48,-5.71,-5.67,-5.5,-5.74,-6.21,-6.47,-6.79,-7.25,-7.82,-8.06,-8.27,-8.66,-9.63,-10.23,-10.78,-10.74,-10.27,-9.86,-9.97,-10.52,-10.97,-10.73,-10.25,-9.69,-8.33,-7.68,-7.44,-8.18,-6.62,-1.95,1.62,3.97,5.61,7.7,9.31,9.68,9.29,9.56,10.48,11.08,10.46,9.31,8.03,6.62,5.02,3.92,5.21,3.45,0.53,-1.02,-2.64,-4.31,-5.58,-7.66,-10.72,-14.67,-18.37,-19.24,-18.26,-17.5,-15.75,-13.29,-10.98,-7.33,-3.12,-0.56
2.25,3.07,-0.46,-1.42,-1.41,-2.01,-2.29,-2.65,-3.05,-3.35,-3.38,-3.63,-3.64,-3.59,-3.59,-3.45,-3.8,-4.88,-5.09,-4.82,-5.28,-5.91,-6.83,-7.43,-8.48,-9.12,-9.77,-9.61,-9.22,-8.84,-8.84,-8.99,-8.92,-9.29,-9.87,-9.91,-9.74,-9.19,-9.16,-9.72,-9.8,-9.64,-7.33,-5.6,-3.27,-0.28,3.24,5.95,7.24,9.55,10.71,11.55,12.77,14.09,14.12,12.94,12.35,11.11,8.68,6.31,4.93,3.24,1.75,-0.36,-2.15,-3.52,-5.39,-6.98,-8.13,-9.6,-11.81,-14.37,-17.46,-19.67,-19.54,-17.84,-14.96,-12.05,-9.31,-6.18,-3.24
1.49,1.26,-0.8,0.31,0.02,-0.87,-1.8,-2.52,-3.07,-3.52,-3.77,-4.09,-4.32,-4.25,-3.98,-4.12,-4.12,-4.69,-5.3,-5.16,-5.71,-6.21,-6.76,-7.56,-7.89,-8.53,-8.27,-8.27,-8.28,-8.89,-9.92,-10.2,-10.61,-10.4,-9.76,-8.31,-8.43,-8.38,-8.48,-8.1,-7.37,-6.18,-5.93,-4.98,-3.26,-0.96,1.78,4.63,7.89,9.41,10.9,12.57,13.58,13.39,13.44,15.15,14.33,12.37,10.75,8.91,5.79,2.8,0.97,-1.06,-3,-4.08,-5.46,-7.19,-8.83,-10.24,-11.71,-13.53,-15.42,-17.42,-19.04,-19.76,-19.15,-16.57,-13.19,-10.4,-8.06
-3.64,-1.71,-0.49,0.15,-0.01,-0.08,-0.28,0.44,0.05,0.13,-2.23,-3.49,-4.19,-4.6,-5.82,-6.88,-4.69,-4.82,-2.35,-6.88,-6.05,-4.98,-3.26,-3.75,-5.61,-8.64,-9.4,-10.9,-11.05,-10.81,-10.23,-9.69,-9.47,-9.56,-10.53,-11.13,-10.21,-9.98,-9.06,-8.12,-7.54,-7.15,-6.05,-4.75,-3.54,-1.28,1.34,4.48,6.84,8.52,10.58,11.94,12.03,10.13,11.86,11.81,12.06,11.82,10.97,9.89,7.71,4.63,2.18,0.61,-2.03,-4.17,-5.62,-7.26,-8.95,-10.3,-11.4,-12.71,-14.22,-15.59,-16.51,-17.28,-17.85,-18.18,-17.53,-15.83,-13.55
0.36,0.63,0.03,-0.8,-1.97,-0.77,0.24,1.62,0.46,1.36,1.5,2.33,1.31,0.48,-2,-6.14,-5.6,-5.56,-5.74,-6.53,-4.76,-4.32,-4.74,-4.32,-4.36,-4,-4.74,-6.33,-8.07,-8.93,-9.18,-10.01,-10.82,-12.08,-12.12,-11.12,-10.35,-9.33,-7.81,-5.24,-3.43,-2.66,-2.34,-2.47,-1.49,0.31,1.88,3.62,6.29,9.02,11.35,12.24,9.81,8.97,9.18,7.79,6.88,7.64,8.33,8.72,8.54,7.51,5.96,4.2,2.18,0.3,-1.18,-2.53,-4.37,-6.55,-8.54,-10.19,-11.68,-13.17,-14.62,-15.73,-16.33,-16.88,-17.21,-16.33,-14.55
4.78,5.23,3.19,3.29,0.29,2.09,1.96,-0.94,-0.33,-0.52,0.48,1.95,1.76,2.61,2.2,0.71,-1.7,-5.59,-7.24,-7.34,-7.98,-10.18,-6.52,-3.97,-2.61,-2.57,-3.22,-3.91,-3.81,-3.92,-5.23,-6.61,-9.27,-11.19,-12.5,-12.37,-10.58,-7.7,-4.84,-3.79,-3.94,-4.09,-3.28,-1.3,0.51,1.36,2.24,4.01,7.25,10.53,11.04,9.25,7.9,7.79,6.89,5.3,4.08,4.86,6.13,5.08,5.26,5.5,5.8,6.2,6.5,5.7,3.52,0.9,-1.26,-3.24,-5.43,-7.55,-9.33,-10.71,-11.79,-12.73,-13.74,-14.73,-15.39,-15.46,-14.6
3.19,4.59,7.73,12.1,10.27,7.03,4.93,4.36,3.89,2.4,2.15,1.47,-0.24,0.81,0.98,0.12,-0.99,-1.16,-0.6,-0.66,-3.33,-6.46,-5.92,-7.24,-7.34,-4.98,-4.19,-4.59,-4.87,-5.48,-6.86,-9.26,-9.88,-9.24,-8.81,-8.89,-8.74,-7.72,-6.8,-6.18,-4.91,-2.85,-1.1,-0.34,-0.06,0.62,2.35,5.5,8.85,8.56,6.79,7.2,6.41,6.37,5.46,3.44,3.41,8.39,7.77,1.88,4.6,5.21,6.93,8.98,9.69,8.97,7,4.2,0.9,-1.88,-3.83,-5.51,-7.35,-9.21,-10.77,-12.01,-12.88,-13.19,-13.03,-12.82,-12.58
0.45,10.11,11.07,11.81,8.58,5.77,2.85,1.09,1.23,0.56,0.28,-1.39,-1.06,-2.13,-4.71,-4.61,-4.15,-2.46,3.59,1.33,2.67,3.87,2.46,0.54,-1.03,-3.02,-4.68,-6.28,-8.54,-10.06,-8.94,-7.4,-6.13,-8.69,-8.05,-7,-7.12,-7.05,-5.97,-3.93,-2.22,-1.53,-1.11,-0.73,-0.06,1.62,4.35,6.24,6.4,5.16,7.16,6.53,2.85,3.26,2.79,0.9,3.9,8.69,5.07,2.69,3.33,5.96,8.18,9.67,10.1,9.05,7.48,5.57,3.56,1.64,-0.1,-1.59,-2.78,-3.85,-5.27,-6.8,-8,-8.76,-9.15,-9.36,-9.74
12.88,13.13,10.87,9.64,8.82,3.96,3.64,2.06,0.75,-1.09,0.06,0.16,2.13,-0.21,3.63,2.56,2.5,2.5,-1.41,0.03,-3.39,-6.95,-4.69,-1.79,-1.13,-2.02,-3.48,-5.17,-9.5,-13.22,-11.49,-7.99,-5.28,-4.75,-4.35,-3.41,-2.41,-1.05,0.61,0.32,-0.16,-0.41,-0.51,0.63,2.68,4.02,3.88,3.3,3.75,7.54,5.2,4.91,7.47,4.69,2.54,2.69,3.29,4.89,5.43,4.92,3.84,5.05,7.26,9.67,9.35,7.59,5.87,4.75,3.56,1.92,0.5,-0.36,-1.04,-1.91,-2.83,-3.65,-4.63,-6.29,-8.59,-10.71,-11.79
9.9,9.11,11.14,11.6,9.11,8.09,6.79,4.23,3.83,4.92,4.38,5.57,5.45,8.07,8.06,8.7,6.17,3.33,1.69,-0.2,0.53,-1.16,-3.54,-4.9,-3.39,-2.64,-2.42,-3.91,-5.27,-8.75,-13.63,-13.73,-9.96,-8.42,-7.25,-5.29,-3.49,-1.36,0.14,1.17,2.42,2.81,2.46,3.3,3.98,3.27,2.12,2.14,5.9,8.23,8.33,7.03,6.99,5.64,1.77,-1.36,-1.66,-1.78,0.49,3.9,2.61,4.21,7.85,8.13,7.52,6.55,5.2,4.32,4,3.7,2.8,1.58,0.36,-0.92,-2.25,-3.83,-5.84,-7.94,-9.16,-9.07,-8.32
7.99,12.71,10.53,9.2,7.78,7.47,4.33,2.91,2.75,1.96,5.13,6.03,8.9,8.88,7.14,9.72,8.82,8.72,6.81,7.43,5.67,3.59,1.72,0.91,2.46,3.4,2.21,-2.75,-6.3,-7.77,-9.66,-10.5,-9.57,-7.08,-6.01,-5.78,-5.48,-4.81,-3.35,-0.63,2.7,4.45,3.71,3.44,2.64,1.99,0.76,-0.02,2.83,3.2,3.05,4.46,1.46,-1.77,-3.48,-5.5,-4.68,-0.86,0.76,0.34,2.13,5.5,6.28,7.08,7.08,5.8,4.25,3.36,3.33,3.69,4.14,3.53,1.7,-0.71,-3.4,-5.64,-6.18,-5.07,-4.55,-5.74,-7.23
7.38,5.83,7.36,5.9,3.03,4.73,4.44,6.31,7.83,11.4,9.91,7.22,12.42,6.85,6.65,7.88,9.68,5.68,6.92,6.85,7.31,5.59,2.3,4.07,0.71,-0.09,0.23,0.96,-0.36,-2.4,-5.24,-7.85,-7.74,-7.85,-8.11,-8.6,-7.71,-7.1,-5.35,-3.39,0.85,2.9,1.39,1.82,1.08,-0.5,-1.57,-2.12,-1.3,-1.43,-0.76,-0.17,0.51,0.15,-1.57,-3.41,-2.29,-1.27,-0.76,1,3.08,4.88,6.9,6.75,5.95,5.27,4.51,4.16,4.36,4.15,2.76,1.52,0.8,-0.25,-0.63,-1.11,-2.96,-6.27,-7.93,-7.87,-6.8
5.02,3.91,2.66,3.35,4.87,5.81,6.99,7.57,7.12,8.29,7.43,8.21,8.56,5.48,6.49,7.51,5.76,6.09,7.85,5.63,7.21,5.16,5.25,5.58,4.3,-0.85,-5.12,-5.31,-3.94,-3.1,-4.1,-5.71,-7.55,-8.36,-8.95,-8.64,-7.91,-5.46,-4.42,-5.36,-2.07,0.11,-0.89,-1.49,-1.51,-0.77,-0.2,-0.17,-0.09,0.77,-0.61,-0.16,-0.62,-1.78,-5,-5.59,-4.94,-4.77,-2.67,-0.17,1.45,3.96,5.91,6.35,5.29,4.37,4.21,4.43,4.22,3.92,3.77,3.27,2.44,0.94,-1.33,-1.21,-0.2,1.36,4.16,2.69,1.93
0.67,1.32,2.98,4.36,2.36,3.15,4.99,5.41,10.22,5.64,8.15,9.29,8.08,6.5,8.85,8.07,6.01,6.34,6.05,6.4,6.4,4.27,3.92,2.29,3.74,4.61,-0.22,-6.17,-6.41,-5.52,-5.57,-6.34,-6.53,-6.32,-6.57,-6.82,-6.87,-6.42,-5.36,-5.2,-4.49,-3.45,-2.72,-2.65,-1.91,0.31,2.44,2.94,1.26,0.66,0.68,0.32,-0.72,-1.95,-3.65,-4.37,-5.06,-5.29,-3.51,-1.46,-0.81,1.14,3.87,5.41,5.2,4.56,5.16,6.24,6.48,6.92,6.32,6.71,4.17,8.33,16.75,19.36,20.28,21.19,20.19,18.77,16.39
-2.67,-2.24,3.55,5.35,6.43,7.93,4.1,6.05,9.27,7.28,7.24,9.75,7.93,10.84,8.51,6.37,4.44,6.19,4.81,5.33,2.82,2.29,0.95,0.17,1.27,0.83,0.24,-1.34,-4,-5.84,-6.81,-6.43,-5.76,-5.17,-5.17,-5.85,-6.49,-5.71,-5.86,-6.31,-5.35,-4.35,-4.58,-3.73,-3,-2.04,-0.49,0.65,2.14,1.32,0.95,0.93,-0.89,-1.79,-2.32,-4.21,-5.92,-5.57,-3.87,-4.05,-2.98,-0.28,1.9,3.79,4.26,5.45,7.67,7.85,10.74,9.39,11.47,13.69,19.4,22.09,23.11,22.55,20.8,20.32,20.39,20.15,20.2
-4.65,-1.06,9.91,9.3,8.6,9.02,9.64,10.8,11.01,9.42,9.4,8.42,8.6,8.55,8.8,7.03,6.29,7.18,6.54,4.56,3.3,5.18,4.43,2.54,-1.24,-2.92,-2.07,-3.07,-3.91,-3.75,-3.04,-3.2,-3.69,-4.4,-4.82,-4.61,-3.99,-4.3,-4.88,-5.51,-6.18,-6.17,-6.63,-6.92,-6.74,-6.09,-4.94,-3.42,-1.26,-0.17,0.56,0.94,0.34,-1.71,-3.14,-5.74,-7.37,-7.01,-6.2,-6.29,-3.16,-1.19,-0.03,2.01,4.11,7.05,9.57,15.07,16.6,17.82,18.45,18.99,22.14,22.67,17.65,15.26,15.74,16.2,14.93,15.27,15.96
-3.44,0.41,8.47,10.04,8.79,12.4,14.83,12.06,9.56,8.62,8.48,8.53,7.35,8.48,7.44,7.98,8.2,7.67,6.53,6.23,5.44,4.33,3.31,2.65,0.14,-1.92,-3.66,-2.47,-0.87,-0.1,-0.28,-1.97,-2.77,-4.06,-4.17,-4.5,-5.2,-5.61,-5.49,-6.13,-6.98,-8.9,-10.25,-11.16,-11.41,-10.81,-9.67,-6.99,-5.05,-3.64,-2.78,-2.55,-1.98,-3.54,-4.92,-7.22,-9.63,-10.24,-8.18,-6.55,-5.01,-2.88,-0.9,1.44,6.2,10.9,18.2,21.33,21.22,17.43,21.02,24.09,20.34,16.82,18.93,18.07,16.69,14.13,12.91,11.84,12.66
-1.65,-1.15,2.98,8.11,13.47,12.37,10.65,9.89,8.3,9.42,10.94,12.52,10.33,10.08,10.22,9.69,7.75,6.09,6.16,5.74,5.57,3.91,2.35,0.94,0.86,1.06,1.16,1.17,1.61,0.89,-0.56,-1.53,-2.19,-3.13,-4.31,-5.37,-5.56,-5.75,-6.73,-7.06,-8.53,-9.47,-10.97,-12.99,-13.62,-13.93,-13.68,-12.51,-12.7,-10.89,-9.45,-7.69,-5.83,-4.99,-5.43,-7.4,-9.73,-10.89,-9.6,-8.76,-6.98,-3.68,-2.22,1.99,10.29,18.05,22.6,21.42,18.93,25.14,22.57,18.04,21.14,22.99,18.9,19.57,17.59,15.66,13.27,12.37,12.26
-1.85,0.17,2.58,10.39,14.72,13.56,12.69,9.97,5.73,4.31,6.88,13.88,11.95,10.27,10.3,9.33,8.63,6.19,4.12,5.89,6.9,5.52,3.95,3.52,3.58,2.71,2.42,1.75,0.56,-0.64,-0.83,-1.48,-2.6,-3.5,-4.11,-4.03,-4.06,-5.15,-6.56,-9.26,-10.99,-10.76,-12.1,-12.53,-13.59,-15.21,-16.28,-16.42,-14.97,-15.38,-14.46,-12.17,-9.47,-7.58,-6.55,-7.44,-9.62,-12.67,-11.02,-9.35,-7.18,-5.91,-3.12,5.51,15.91,21.01,21.2,18.25,24.19,20.25,17.27,20.44,21.5,21.07,23.64,19.12,15.95,14.39,12.16,8.64,3.05
-2.23,0.07,5.88,13.49,16.97,14.29,13.94,9.01,4.01,2.93,9.44,11.89,12.55,12.41,11.8,8.89,5.32,5.3,7.87,7.46,5.56,5.77,5.75,3.24,3.32,3.25,2.85,1.22,-0.44,-1.43,-1.81,-2.12,-2.55,-3.11,-3.54,-4.1,-5.44,-6.48,-7.73,-7.86,-8.91,-10.13,-11.37,-12.51,-14.44,-16.22,-17.67,-18.61,-18.35,-17.35,-16.04,-14.77,-13.82,-12.27,-10.47,-10.63,-11.31,-13.38,-13.37,-11.14,-9.48,-7.83,-1.29,10.76,17.81,19.34,16.24,19.47,17.69,16.07,17.36,17.78,19.66,19.05,17.04,15.44,15.39,13.5,11.39,9,7.66
-0.5,3.78,9.75,15.73,14.83,11.65,10.82,9.29,13.29,13.66,12.1,11.72,12.68,12.96,10.05,8.39,8.62,8.53,6.96,5.22,5.88,6.08,5.06,3.27,0.66,0.9,0.32,-0.56,-1.52,-1.84,-2.52,-2.77,-3.38,-4.54,-5.38,-6.2,-6.92,-7.76,-7.89,-8.5,-10.22,-11.1,-12.32,-14.09,-15.84,-17.28,-18.98,-20.37,-20.72,-19.4,-18.43,-17.36,-16.97,-15.25,-13.98,-14.63,-14.92,-16.26,-16.82,-13.75,-12.15,-7.54,2.41,13.21,16.29,16.62,13.3,14.68,10.03,7.11,8.78,11.5,13.87,16.44,17.9,17.81,15.6,13.24,12.82,11.41,8.98
3.03,6.03,9.78,12.13,10.09,8.17,9.55,12.56,14.31,13.45,12.66,12.69,11.74,10.34,9.18,9.12,8.63,7.82,6.04,5.69,5.28,4.59,4.39,2.9,2.64,2.14,0.11,-0.81,-1.49,-2.23,-3.3,-4.47,-5.61,-6.11,-6.64,-7.06,-7.74,-7.95,-7.98,-8.54,-9.71,-10.9,-12.82,-14.77,-16.56,-18.27,-19.76,-20.82,-21.2,-21.4,-21.11,-20,-18.79,-18.53,-17.81,-17.02,-17.22,-17.67,-18.52,-17.22,-13.63,-7.96,4.35,13.56,14.21,13.43,9.89,6.27,1.59,4.5,7.14,11.62,15.54,17.89,18.98,18.76,16.72,14.47,12.58,10.61,9.22
3.33,4.05,7.67,9.11,8.35,9.02,10.28,13.41,13.42,11.7,11.36,10.91,9.89,9.33,9.03,7.62,7.26,6.23,6.15,6.14,5.49,4.98,4.09,4.15,2.8,0.55,-0.29,-0.76,-1.75,-2.96,-4.52,-5.63,-6.75,-7.52,-7.62,-7.84,-7.83,-8.29,-9.49,-10.38,-11.2,-11.93,-12.74,-14.3,-15.96,-17.42,-18.8,-20.19,-21.54,-22.34,-22.37,-22.26,-21.2,-20.11,-18.57,-18.09,-18.2,-19.13,-20.71,-18.83,-13.9,-7.35,5.2,13.38,12.09,10.62,5.98,0.3,-0.24,-0.7,7.3,16.02,20.21,20.19,20.39,19.23,16.08,13.43,11.3,9.26,7.81
2.34,5.89,8.94,8.16,7.3,6.62,9.4,10.84,10.21,10.47,10.73,9.64,9.02,8.45,7.18,6.43,5.71,5.66,5.68,4.87,5.02,5.45,6.02,4.67,3.35,1.74,0.99,0.31,-0.53,-2.37,-4.12,-5.64,-6.86,-7.63,-8.05,-7.83,-7.3,-8.51,-9.18,-10,-10.77,-11.33,-12.19,-13.63,-15.5,-17.09,-18.39,-19.75,-20.88,-22.01,-22.34,-22.4,-22.21,-21.54,-20.71,-19.84,-19.56,-20.63,-21.55,-19.26,-13.66,-5.02,5.67,12.38,9.8,8.21,3.08,-1.76,-4.85,-9.87,-2.53,21.78,25.38,22.56,20.93,18.61,15.27,12.38,10.17,8.07,7.61
