gfs.json
{"header": {"discipline":0,"disciplineName":"Meteorological products","gribEdition":2,"gribLength":135324,"center":7,"centerName":"US National Weather Service - NCEP(WMC)","subcenter":0,"refTime":"2014-01-13T12:00:00.000Z","significanceOfRT":1,"significanceOfRTName":"Start of forecast","productStatus":0,"productStatusName":"Operational products","productType":1,"productTypeName":"Forecast products","productDefinitionTemplate":0,"productDefinitionTemplateName":"Analysis/forecast at horizontal level/layer at a point in time","parameterCategory":2,"parameterCategoryName":"Momentum","parameterNumber":2,"parameterNumberName":"U-component_of_wind","parameterUnit":"m.s-1","genProcessType":2,"genProcessTypeName":"Forecast","forecastTime":3,"surface1Type":100,"surface1TypeName":"Isobaric surface","surface1Value":85000,"surface2Type":255,"surface2TypeName":"Missing","surface2Value":0,"gridDefinitionTemplate":0,"gridDefinitionTemplateName":"Latitude_Longitude","numberPoints":65160,"shape":6,"shapeName":"Earth spherical with radius of 6,371,229.0 m","gridUnits":"degrees","resolution":48,"winds":"true","scanMode":0,"nx":360,"ny":181,"basicAngle":0,"subDivisions":0,"lo1":0,"la1":90,"lo2":359,"la2":-90,"dx":1,"dy":1}, "data":
[rows 140 to 174 of 181, columns 158 to 236 of 360]
12.46,13.25,14.6,16.32,17.46,18.36,19.42,20.28,20.52,21.17,21.59,22.03,22.43,22.62,22.24,21.84,21.14,21.33,21.64,22.16,22.03,21.53,20.74,20.34,20.43,20.7,20.35,20.06,20.78,21.16,21.34,22.23,22.99,21.72,23.42,21.24,20.6,22.58,22.35,17.79,14.45,14.13,12.92,11.69,10.54,9.59,8.54,7.52,7.19,7.3,6.6,5.41,4.43,4.11,4.09,3.76,3.13,3.03,2.97,3.35,3.57,3.21,2.46,0.91,-0.23,-0.57,-0.18,0.37,1.09,1.9,2.73,3.26,3.74,3.83,3.13,3.25,3.66,4.33,5.11
13.29,14.56,15.56,16.46,17.2,18.2,19.27,19.85,20.3,20.89,20.73,20.6,20.32,20.22,20.51,20.8,20.72,20.56,20.24,19.61,19.48,19.86,20.32,20.56,20.52,20.76,21.12,21.31,21.87,22.22,22.92,23.22,22.44,21.01,21.52,17.23,12.53,17.9,19.95,16.74,13.07,12.97,12.21,11.73,10.85,9.93,8.74,7.92,7.73,7.79,7.45,6.46,5.51,5.17,5.06,4.49,3.9,3.84,3.38,3.64,4.09,3.82,1.96,0.61,-0.09,-0.29,-0.06,0.35,1.31,2.4,3.3,3.91,4.15,4.32,3.91,4.18,3.81,3.76,4.83
14.62,15.54,16,16.48,17.23,18.11,18.74,19.14,19.73,20.16,19.76,19.71,19.43,18.93,18.8,18.82,18.81,18.68,18.42,18.17,18,18.4,18.89,19.12,19.48,20.23,21.22,22.13,22.8,23.56,23.82,23.05,22.36,20.66,18.23,14.78,12.65,14.46,15.11,14.37,12.37,11.99,11.39,11.22,10.8,10.02,8.88,8.18,8.02,8.14,8.12,7.34,6.69,6.37,5.99,5.56,5.27,4.95,4,4.03,4.66,4.46,2.89,2.1,1.32,0.77,0.35,0.46,1,1.4,1.69,2.35,2.95,3.41,3.34,3.72,2.77,2.24,2.68
15.51,16.18,16.71,17.47,18.26,18.73,19.02,19.66,20.33,20,19.54,19.01,18.33,18.82,18.68,17.9,17.29,17.19,17.39,17.17,17.06,17.28,17.55,17.82,18.6,19.57,20.62,22.35,24.98,26.73,24.76,21.82,20.18,17.79,16.09,13.14,12.84,14.6,13.15,12.24,11.66,11.25,11.1,10.43,10.55,10.17,9.33,8.72,8.48,8.57,8.56,7.93,7.61,6.98,6.4,6.44,5.91,5.23,4.84,5.16,5.34,4.99,4.22,3.26,2.06,1.17,0.5,0,-0.09,0.37,1.04,1.78,2.05,2.44,2.56,2.62,2.41,2.21,1.83
16.58,17.44,18.43,19.15,19.58,19.36,19.85,20.18,19.58,19.3,19,18.86,19.02,18.42,17.09,16.82,17.27,17.65,17.43,16.42,15.67,15.66,16,16.82,17.32,18.61,21.35,22.83,21.69,18.02,14.35,13.4,13.08,12.79,12.09,11.16,11.74,11.82,11.48,10.28,9.46,10.76,10.4,9.48,10.04,10.07,9.54,9,8.55,8.51,8.57,8.1,7.67,6.88,6.62,6.2,5.4,5.78,6.3,6.52,6.27,5.52,4.72,3.83,2.89,2.2,1.68,1.21,1.23,1.34,2.1,2.74,2.89,2.84,2.6,2.37,2.8,3.08,3.05
18.41,19.34,20.35,20.97,20.68,20.32,20.34,19.29,18.87,18.76,19.1,19.66,18.38,16.76,17.15,18.12,17.66,16.13,15.2,14.3,13.53,13.35,13.78,13.88,15.81,17.64,14.28,9.13,4.25,1.91,2.44,4.41,6.07,7.28,8.06,9.34,7.52,7.02,8.17,8,8.03,9.37,8.69,8.95,8.97,8.89,8.56,8.33,8.18,8.41,8.57,8.19,7.57,6.72,6.28,5.54,5.26,6.29,7.3,7.52,7,5.8,4.62,3.74,3.3,3.43,3.65,3.78,3.69,3.82,4.51,5.1,5.14,4.75,4.25,3.54,3.34,3.84,3.78
19.75,20.79,21.76,21.79,21.52,20.7,19.22,18.46,18.24,18.27,17.81,15.79,14.38,15.34,16.2,15.18,13.44,12.49,11.52,10.77,10.5,10.15,8.6,9.36,10.99,6.13,1.69,-1.34,-3.03,-2.31,-1.96,-2.6,-1.59,1.45,3.39,3.04,0.54,2.4,6.4,6.65,7.33,8.3,7.73,8.65,8.05,7.67,7.66,7.77,8.1,8.66,8.89,8.65,8.1,7.34,6.63,6.44,6.55,7.4,8.46,8.51,7.07,5.51,4.74,4.49,4.43,4.73,5.51,6.58,7.52,8.1,8.2,7.84,7.26,6.61,5.99,5.28,4.36,3.82,3.45
21.46,22.03,21.69,21.14,20.34,19.4,19.46,19.33,18.23,16.35,13.62,11.71,12.88,13.98,13.72,12.72,11.15,10.04,8.46,7.6,7.47,5.02,1.84,-0.06,-4.85,-7.43,-6.37,-7.94,-8.99,-10.26,-9.77,-7.62,-5.48,-3.84,-3.09,-3.04,-3.86,-0.93,6.49,8.81,7.15,6.89,6.87,7.3,7.82,8.34,8.33,8.58,8.85,9.23,9.33,9.14,9.16,8.13,7.18,7.36,7.96,8.51,8.89,8.33,6.65,5.77,5.7,5.49,5.38,6.02,7.58,9.59,11.19,10.93,9.69,8.17,7.62,7.49,6.88,6.1,5.15,3.82,2.65
21.92,21.2,20.3,19.55,19.31,19.85,20.06,19.06,17.27,14.89,12.04,11.37,11.93,11.31,9.81,7.05,4.63,4.39,4.79,4.73,2.46,-0.59,-1.04,-1.97,-4.05,-5.53,-6.15,-6.6,-6.83,-7.51,-7.92,-7.86,-7.57,-7.24,-6.56,-6.01,-6.7,-6.16,0.12,7.81,8.14,5.66,6.56,6.64,6.96,8.5,9.39,9.46,9.64,9.73,9.64,9.6,9.21,7.78,7.36,7.3,8.18,9.23,9.19,7.89,6.83,6.88,6.85,6.36,6.47,7.87,10.19,11.71,10.8,8.52,7.56,7.13,6.87,6.99,6.67,6,5.24,3.99,2.27
19.81,19.25,19.63,20.36,20.63,20.13,19.07,17.91,16.63,14.22,11.81,10.79,9.24,7.18,5.71,4.7,3.17,2.6,2.06,-0.34,-2.67,-2.51,-3.05,-4.27,-5.48,-5.55,-5.22,-5.18,-5.4,-5.71,-5.85,-5.94,-6.22,-6.78,-7.12,-6.53,-5.54,-6.13,-6.35,-0.37,7.24,7.68,6.15,6.65,7.57,8.21,8.95,9.35,9.63,9.8,9.54,8.61,6.88,6.26,6.78,7.69,8.6,8.96,8.25,7.3,7,6.81,6.42,6.53,7.74,9.66,10.89,9.79,7.73,6.82,6.27,5.88,5.76,5.74,5.42,5.17,4.98,3.7,1.55
19.21,19.67,20.15,20.07,19.34,18.51,17.98,17.42,15.81,13.1,11.12,9.79,7.24,4.83,3.64,3.24,2.02,0.54,-1.32,-2.97,-2.76,-2.83,-3.23,-3.56,-4.41,-4.92,-4.59,-4.43,-4.37,-4.11,-4.15,-4.36,-4.69,-5.08,-5.29,-5.4,-4.98,-3.55,-2.46,-2.87,-1.49,3.45,8.23,9.3,7.5,6.74,7.52,8.64,9.3,9.16,8.29,6.6,5.7,6.21,7.03,7.84,8.21,7.85,7.12,6.58,6.31,6.37,6.91,8.07,9.74,10.97,10.12,7.98,6.91,6.85,6.46,6.02,5.88,5.45,4.81,4.87,5.02,3.44,1.16
19.05,18.64,17.53,16.48,15.67,15.04,14.4,13.34,12.02,10.16,8.56,7.14,4.8,3.15,2.6,2.04,0.39,-1.04,-1.57,-1.63,-1.77,-2.26,-2.15,-1.63,-1.91,-2.75,-3.12,-3.29,-3.53,-3.6,-3.65,-3.67,-3.71,-3.82,-3.78,-3.44,-3.02,-2.59,-1.33,0.4,0.69,0.33,2.28,5.98,6.47,5.7,5.87,6.69,7.73,8.03,7.49,6.56,6.63,7.06,7.12,7.38,7.49,7.1,6.63,6.44,6.93,7.77,8.56,9.89,11.11,10.63,8.54,7.12,6.76,6.08,5.64,5.56,5.69,5.72,5.28,5.28,5.22,3.11,0.89
15.82,13.53,11.96,10.55,9.08,7.93,6.89,6.22,5.89,5.06,3.93,2.61,1.01,0.29,0.11,-0.5,-1.56,-2.23,-2.42,-2.18,-2.19,-2.37,-2.16,-1.52,-1.04,-1.05,-1.26,-1.35,-1.42,-1.49,-1.52,-1.47,-1.29,-1.03,-0.84,-0.72,-0.45,0.01,0.55,1.48,2.4,3.03,3.52,4.82,6.41,6.47,6.47,6.6,7.4,7.82,7.06,6.89,7.41,7.26,7.03,7.35,7.35,7.04,6.94,7.34,8.22,8.92,9.68,10.43,10.03,8.49,7.19,6.57,5.69,4.82,5.06,5.51,5.49,5.45,5.28,5.13,4.44,2.28,0.83
8.98,7.66,6.61,6.11,5.85,5.24,4.01,2.31,0.86,-0.46,-1.67,-2.4,-2.84,-2.99,-2.82,-2.95,-3.45,-3.65,-3.41,-2.88,-2.39,-1.97,-1.63,-1.34,-1.02,-0.66,-0.25,0.25,0.76,1.23,1.66,2.01,2.24,2.39,2.57,2.83,3.17,3.41,3.39,3.9,4.54,5.07,6.3,7.16,8.23,8.99,8.27,7.52,7.6,7.53,6.92,6.63,6.78,6.96,7.12,7.15,7.03,7.04,7.3,7.98,8.97,9.74,10.06,9.64,8.42,7.24,6.7,6.14,5.24,4.61,4.78,5.02,4.89,4.92,4.79,4.38,3.7,2.56,1.97
3.08,3.01,3.29,3.89,4.21,3.69,1.76,-1.1,-3.44,-5.01,-5.93,-6.18,-6.03,-5.64,-5.04,-4.57,-4.41,-4.13,-3.47,-2.71,-1.97,-1.23,-0.5,0.15,0.69,1.17,1.69,2.28,2.91,3.53,4.1,4.65,5.15,5.52,5.82,6.19,6.88,7.48,7.07,6.53,6.56,6.42,7.12,8.28,9.34,10.11,9.42,7.58,6.35,5.86,5.66,5.73,6.28,6.73,6.94,7.24,7.53,7.65,8.18,9.32,9.86,9.31,8.55,7.91,7.35,7.08,6.96,6.5,5.64,5.15,5.15,4.63,4.3,4.79,4.68,4.14,3.66,2.88,2.61
-2.19,-1.98,-1.64,-1.45,-2.13,-3.81,-5.46,-7.19,-9.02,-9.85,-9.7,-9.15,-8.17,-6.93,-6.06,-5.64,-5.15,-4.28,-3.13,-1.96,-0.87,0.11,1.01,1.82,2.49,3.08,3.65,4.27,4.89,5.49,6.12,6.8,7.45,7.94,8.36,8.99,9.65,9.61,9.03,8.62,7.6,6.11,6.13,7.59,8.46,8.19,6.6,4.31,3.02,3.22,4.21,5.18,5.8,6.24,6.69,7.12,7.63,8.61,9.87,10.18,9.19,8.12,7.72,7.69,7.7,7.69,7.66,7.47,6.97,6.4,5.92,5.11,4.58,4.76,4.6,4.1,3.93,3.87,3.78
-9.11,-10.42,-12.05,-13.7,-15.43,-16.63,-16.92,-16.81,-16.32,-14.48,-12.31,-10.52,-8.98,-7.67,-6.79,-6.23,-5.31,-4.07,-2.86,-1.72,-0.63,0.36,1.3,2.23,3.13,4.04,4.95,5.86,6.75,7.55,8.24,8.89,9.49,9.85,10.03,10.01,9.58,8.96,8.2,6.61,4.67,4.04,4.69,5.03,4.36,3.27,2.31,1.58,1.38,2.13,3.09,3.71,4.13,4.77,5.68,6.87,8.4,9.43,9.22,8.37,7.77,7.67,7.83,8.07,8.32,8.47,8.41,8.02,7.4,6.89,6.37,5.41,4.52,4.36,4.29,4.11,4.35,4.8,4.75
-14.46,-16.2,-17.58,-18.5,-19.4,-20.17,-20.18,-18.84,-16.68,-14.49,-12.81,-11.52,-10.14,-8.65,-7.21,-5.85,-4.55,-3.34,-2.18,-1.03,0.19,1.52,2.89,4.24,5.5,6.65,7.7,8.56,9.11,9.42,9.66,9.76,9.28,8.02,6.53,5.4,4.65,3.96,2.93,2.1,1.77,0.79,-0.75,-1.6,-1.46,-0.88,-0.38,-0.13,0.43,1.44,2.38,2.97,3.64,4.74,6.05,7.06,7.43,7.2,6.86,6.82,7.07,7.44,7.83,8.24,8.48,8.28,7.67,6.98,6.49,6.37,6.35,5.6,4.38,3.94,4.08,4.2,4.65,5.01,4.48
-17.94,-17,-17,-17.42,-17.33,-16.45,-15.19,-14.08,-13.3,-12.74,-12.08,-11.2,-10.14,-8.85,-7.32,-5.68,-4.04,-2.48,-1.12,0.01,0.92,1.65,2.12,2.28,2.17,2,1.8,1.51,1.17,0.88,0.63,0.23,-0.1,-0.27,-0.4,-0.57,-0.96,-1.92,-3.77,-5.79,-7.14,-7.81,-7.73,-6.98,-6.01,-4.73,-3.11,-1.56,-0.34,0.68,1.75,3.05,4.33,5.15,5.31,5.09,4.99,5.35,5.98,6.49,6.78,7.04,7.31,7.33,6.9,6.28,5.92,5.87,5.86,5.78,5.47,4.54,3.35,2.79,2.95,3.6,4.24,4.08,3.19
-23.38,-23.58,-22.62,-21,-18.35,-16.08,-14.64,-14.14,-13.95,-13.57,-12.87,-11.93,-10.97,-10.28,-10.08,-10.46,-11.34,-12.51,-13.87,-15.23,-16.28,-16.92,-17.25,-17.32,-17.13,-16.73,-15.99,-15.12,-14.31,-13.43,-12.5,-11.66,-11.24,-11.42,-12.31,-13.53,-14.34,-14.53,-13.96,-12.85,-11.6,-10.38,-8.99,-7.41,-5.78,-4.11,-2.42,-0.84,0.52,1.56,2.19,2.5,2.69,3.03,3.68,4.56,5.49,6.21,6.53,6.59,6.57,6.51,6.23,5.72,5.29,5.23,5.39,5.44,5.31,4.95,4.24,3.46,3.03,2.78,2.62,2.89,3.14,2.81,2.2
-5.33,-5.08,-8.63,-12.42,-15.66,-21.75,-24.71,-25.31,-24.28,-22.68,-21.01,-19.77,-19.04,-19.15,-19.31,-18.79,-18.14,-17.94,-18.19,-18.49,-18.88,-19.45,-20,-20.29,-20.44,-20.65,-20.94,-21.16,-21.21,-21,-20.55,-19.96,-19.19,-18.23,-17.11,-15.92,-14.72,-13.53,-12.28,-10.88,-9.3,-7.61,-5.97,-4.51,-3.33,-2.39,-1.6,-0.88,-0.14,0.69,1.6,2.48,3.23,3.77,4.14,4.43,4.68,4.89,5.02,5.06,4.96,4.79,4.67,4.74,5.06,5.44,5.67,5.65,5.5,5.25,4.81,4.26,3.86,3.71,3.83,4.28,4.65,4.32,3.32
-4.68,-2.72,1.54,-2.91,-2.45,-3.62,-3.12,-3.44,-4.25,-8.11,-14.54,-17.11,-17.36,-15.8,-14.06,-13.69,-13.94,-14.04,-14.12,-14.48,-14.83,-15.01,-15.13,-15.31,-15.56,-15.82,-16.08,-16.22,-16.16,-15.79,-15.24,-14.61,-13.93,-13.12,-12.15,-11.1,-10.02,-9.01,-8.15,-7.42,-6.77,-6.12,-5.36,-4.45,-3.42,-2.38,-1.4,-0.59,0.04,0.49,0.85,1.19,1.59,2.07,2.59,3.09,3.5,3.79,3.98,4.14,4.35,4.67,5.06,5.48,5.94,6.42,6.84,7.06,7.02,6.73,6.33,5.99,5.77,5.65,5.5,5.24,4.84,4.27,3.59
-3,-1.24,1.39,3.51,1.78,-1.89,-3.51,-4.04,-3.79,-2.86,-2.89,-1.74,-0.03,-4.48,-4.81,-6.34,-8.13,-9.83,-10.95,-11.59,-12.12,-12.66,-13.12,-13.53,-13.77,-13.91,-13.95,-13.92,-13.7,-13.29,-12.74,-12.19,-11.65,-11.06,-10.36,-9.61,-8.8,-7.94,-7.02,-6.06,-5.12,-4.27,-3.53,-2.88,-2.29,-1.72,-1.14,-0.52,0.14,0.81,1.44,2.06,2.67,3.27,3.86,4.42,4.94,5.48,6.03,6.57,7.03,7.39,7.67,7.92,8.2,8.44,8.46,8.2,7.78,7.33,6.87,6.39,5.89,5.38,4.87,4.32,3.8,3.37,3.01
-3.07,-1.4,1.08,1.6,-0.55,-3.39,-5.24,-4.07,-0.99,0.19,-0.13,-1.61,-1.62,-2.39,-4.97,-7.78,-9.59,-10.78,-11.33,-11.55,-11.55,-11.52,-11.41,-11.27,-11.07,-10.8,-10.44,-10.05,-9.64,-9.19,-8.7,-8.16,-7.61,-7,-6.35,-5.66,-4.96,-4.27,-3.57,-2.86,-2.11,-1.35,-0.6,0.11,0.74,1.3,1.82,2.28,2.69,3.05,3.39,3.71,4.05,4.4,4.76,5.13,5.53,5.96,6.4,6.82,7.17,7.44,7.64,7.75,7.75,7.51,6.93,6.09,5.23,4.52,4.05,3.54,2.94,2.2,1.13,0.69,0.31,-0.14,-0.3
4.26,5.78,5.39,1.91,-0.47,-0.82,-1.31,-0.3,-2.01,-2.54,-2.73,-3.08,-3.49,-4.47,-6.11,-7.6,-8.43,-8.7,-8.69,-8.56,-8.26,-7.85,-7.32,-6.78,-6.31,-5.88,-5.51,-5.17,-4.89,-4.64,-4.39,-4.11,-3.75,-3.31,-2.78,-2.18,-1.53,-0.88,-0.27,0.26,0.67,0.97,1.21,1.44,1.7,2,2.3,2.61,2.92,3.25,3.66,4.19,4.79,5.4,5.92,6.31,6.55,6.7,6.79,6.83,6.83,6.73,6.45,5.86,4.94,3.69,2.29,1.07,0.24,-0.38,-0.85,-1.26,-1.43,-1.49,-1.59,-1.8,-2.37,-2.5,-1.9
5.2,5.21,5.27,4.28,1.3,0.45,-0.53,-0.8,-1.73,-2.67,-3.56,-4.28,-4.89,-5.21,-5.43,-5.38,-5.02,-4.48,-3.84,-3.21,-2.64,-2.14,-1.71,-1.35,-1.07,-0.85,-0.7,-0.63,-0.61,-0.64,-0.67,-0.66,-0.57,-0.41,-0.21,-0.03,0.13,0.27,0.42,0.61,0.87,1.21,1.62,2.05,2.47,2.86,3.21,3.52,3.85,4.2,4.58,4.95,5.24,5.42,5.5,5.49,5.45,5.37,5.23,4.85,4.09,3.08,1.99,0.99,0.1,-0.41,-0.68,-1.65,-2.08,-3.54,-4.77,-5.12,-5.24,-5.54,-6.31,-7.07,-6.71,-6.3,-6.07
-3.06,-2.69,-1.69,-0.72,-1.19,-1.47,-0.69,-0.24,-0.56,-1.04,-1.41,-1.66,-1.9,-1.87,-1.48,-0.86,-0.17,0.46,0.99,1.47,1.93,2.37,2.74,3.02,3.17,3.24,3.26,3.27,3.26,3.22,3.19,3.2,3.21,3.17,3.05,2.86,2.66,2.5,2.42,2.46,2.6,2.79,2.98,3.16,3.32,3.48,3.62,3.72,3.73,3.65,3.5,3.34,3.24,3.08,2.84,2.53,2.15,1.63,0.79,-0.48,-0.9,-1.08,-0.75,-0.24,-0.26,-0.32,-0.1,0.21,0.35,0.24,-0.03,-0.44,-1.02,-1.68,-2.24,-2.63,-2.91,-3.13,-3.29
-0.86,0.19,1.56,2.26,-1.58,-0.77,-0.24,0.22,0.38,0.56,1.01,1.63,2.55,3.51,4.17,4.68,5.03,5.2,5.13,4.81,4.38,3.97,3.65,3.44,3.33,3.3,3.36,3.51,3.69,3.89,4.06,4.2,4.28,4.29,4.22,4.1,3.97,3.87,3.85,3.88,3.93,3.94,3.87,3.78,3.7,3.57,3.23,2.66,2.33,2.34,2.34,2.33,2.26,2.02,1.63,1.2,0.8,0.42,0.29,-0.72,-1.71,-2.18,-2.28,-1.96,-1.23,-0.18,0.99,2.02,2.76,3.15,3.11,2.66,2,1.34,0.81,0.51,0.38,0.31,0.18
4.69,4.88,3.98,3,3.18,3.81,0.58,2.45,3.02,2.59,2.19,2.02,2.21,3.11,4.07,4.58,4.72,4.69,4.54,4.32,4.07,3.85,3.68,3.58,3.55,3.59,3.72,3.92,4.17,4.45,4.76,5.04,5.3,5.52,5.69,5.8,5.86,5.87,5.82,5.72,5.57,5.34,5.1,4.87,4.52,3.97,3.51,3.31,3.13,3.03,2.6,1.15,0.04,-0.49,-1.52,-2.56,-2.41,-2.09,-2.46,-2.42,-1.91,-1.47,-1.22,-1.05,-0.7,-0.14,0.46,0.94,1.23,1.33,1.27,1.07,0.77,0.42,0.01,-0.4,-0.77,-1.06,-1.33
3.94,4.55,3.4,2.09,2.04,2.28,2.61,2.96,3.44,4.03,4.62,5.19,5.71,6.15,6.51,6.77,6.92,6.95,6.88,6.75,6.59,6.43,6.32,6.25,6.24,6.31,6.44,6.62,6.82,7.04,7.24,7.44,7.61,7.78,7.92,8.04,8.18,8.33,8.42,8.38,8.11,7.68,7.37,7.2,7.08,7,6.72,6.2,5.57,4.96,4.36,3.78,3.37,3.09,2.73,2.22,1.69,1.23,0.75,0.47,0.57,0.83,1.02,1.02,0.83,0.54,0.32,0.17,-0.01,-0.51,-1.26,-1.91,-2.25,-2.34,-2.4,-2.51,-2.71,-2.9,-3
5.28,1.62,0.89,0.91,1.02,1.1,0.92,0.72,0.78,1.11,1.54,1.99,2.46,2.95,3.44,3.92,4.39,4.82,5.21,5.58,5.92,6.27,6.62,6.95,7.27,7.58,7.88,8.14,8.38,8.59,8.77,8.9,9.03,9.14,9.25,9.36,9.45,9.52,9.56,9.52,9.34,9.02,8.56,8.08,7.63,7.22,6.8,6.34,5.86,5.38,4.95,4.53,4.13,3.74,3.33,2.89,2.46,2.13,1.95,1.91,1.9,1.85,1.7,1.47,1.2,0.97,0.81,0.64,0.39,-0.01,-0.5,-1.01,-1.54,-1.98,-2.18,-2.26,-2.31,-2.34,-2.31
0.02,0.56,-0.84,-1.07,-0.97,-0.59,-0.43,-0.53,-0.54,-0.34,-0.02,0.35,0.71,1,1.25,1.51,1.78,2.1,2.46,2.84,3.21,3.54,3.79,3.94,3.97,3.92,3.81,3.68,3.56,3.48,3.45,3.46,3.51,3.59,3.67,3.74,3.78,3.77,3.69,3.57,3.38,3.14,2.86,2.56,2.28,2.02,1.8,1.6,1.46,1.37,1.34,1.36,1.41,1.5,1.56,1.57,1.49,1.35,1.17,0.93,0.68,0.45,0.27,0.17,0.14,0.12,0.08,-0.01,-0.11,-0.19,-0.23,-0.25,-0.25,-0.28,-0.33,-0.46,-0.64,-0.88,-1.13
1.91,2.42,2.61,1.74,0.45,-0.39,-1.15,-1.76,-2.23,-2.67,-3.09,-3.45,-3.73,-3.9,-3.96,-3.89,-3.65,-3.26,-2.8,-2.32,-1.86,-1.41,-1.03,-0.74,-0.56,-0.48,-0.51,-0.64,-0.86,-1.15,-1.5,-1.89,-2.28,-2.64,-2.96,-3.21,-3.39,-3.48,-3.52,-3.5,-3.47,-3.45,-3.42,-3.36,-3.25,-3.07,-2.82,-2.49,-2.1,-1.65,-1.21,-0.84,-0.59,-0.45,-0.37,-0.29,-0.22,-0.12,0,0.1,0.18,0.21,0.19,0.12,0.02,-0.1,-0.22,-0.33,-0.41,-0.44,-0.44,-0.4,-0.34,-0.3,-0.28,-0.31,-0.36,-0.41,-0.45
0.3,-0.39,-0.81,-0.88,-0.73,-0.53,-0.46,-0.72,-0.92,-1.49,-2.93,-4.64,-6.12,-7.04,-7.31,-7.34,-7.81,-8.76,-9.52,-9.89,-10.07,-10.11,-9.97,-9.58,-8.94,-8.12,-7.19,-6.2,-5.22,-4.33,-3.59,-3.02,-2.62,-2.4,-2.31,-2.33,-2.4,-2.49,-2.58,-2.64,-2.65,-2.63,-2.55,-2.43,-2.29,-2.13,-1.94,-1.75,-1.56,-1.39,-1.24,-1.12,-1.02,-0.94,-0.86,-0.77,-0.69,-0.61,-0.55,-0.54,-0.56,-0.62,-0.7,-0.8,-0.9,-0.98,-1.04,-1.09,-1.14,-1.2,-1.28,-1.38,-1.5,-1.64,-1.8,-2.01,-2.26,-2.55,-2.92
-1.9,-1.58,-1.13,-0.67,-0.33,-0.18,-0.18,-0.23,-0.21,0,0.37,0.81,1.17,0.84,0.86,0.52,-0.13,-0.91,-1.86,-3.15,-4.84,-6.58,-8.05,-9.39,-10.72,-12.06,-13.35,-14.43,-15.15,-15.51,-15.53,-15.24,-14.67,-13.86,-12.86,-11.77,-10.65,-9.56,-8.54,-7.6,-6.78,-6.09,-5.53,-5.08,-4.72,-4.45,-4.24,-4.08,-3.94,-3.82,-3.72,-3.65,-3.58,-3.54,-3.51,-3.49,-3.48,-3.48,-3.52,-3.59,-3.7,-3.8,-3.9,-3.98,-4.03,-4.07,-4.13,-4.2,-4.34,-4.54,-4.81,-5.13,-5.47,-5.78,-6.02,-6.16,-6.27,-6.4,-6.65
