gfs.json
{"header": {"discipline":0,"disciplineName":"Meteorological products","gribEdition":2,"gribLength":134456,"center":7,"centerName":"US National Weather Service - NCEP(WMC)","subcenter":0,"refTime":"2014-02-07T12:00:00.000Z","significanceOfRT":1,"significanceOfRTName":"Start of forecast","productStatus":0,"productStatusName":"Operational products","productType":1,"productTypeName":"Forecast products","productDefinitionTemplate":0,"productDefinitionTemplateName":"Analysis/forecast at horizontal level/layer at a point in time","parameterCategory":2,"parameterCategoryName":"Momentum","parameterNumber":2,"parameterNumberName":"U-component_of_wind","parameterUnit":"m.s-1","genProcessType":2,"genProcessTypeName":"Forecast","forecastTime":6,"surface1Type":100,"surface1TypeName":"Isobaric surface","surface1Value":85000,"surface2Type":255,"surface2TypeName":"Missing","surface2Value":0,"gridDefinitionTemplate":0,"gridDefinitionTemplateName":"Latitude_Longitude","numberPoints":65160,"shape":6,"shapeName":"Earth spherical with radius of 6,371,229.0 m","gridUnits":"degrees","resolution":48,"winds":"true","scanMode":0,"nx":360,"ny":181,"basicAngle":0,"subDivisions":0,"lo1":0,"la1":90,"lo2":359,"la2":-90,"dx":1,"dy":1}, "data":
[rows 105 to 139 of 181, columns 79 to 157 of 360]
2.16,1.28,-0.25,-1.1,-0.96,-1.24,-1.48,-1.93,-2.58,-3.49,-4.29,-4.85,-5.63,-6.07,-5.25,-4.4,-3.42,-3.52,-4.42,-3.79,-3.1,-3.61,-4.2,-5.02,-4.72,-3.75,-3.27,-2.43,-2.11,-1.8,-2.11,-2.77,-4.08,-4.15,-4.28,-4.13,-3.87,-3.03,-2.89,-1.49,0.02,-0.28,-0.56,-0.97,-1.06,-0.04,2.99,14.23,19.4,17.09,7.6,8.11,9.41,9.6,9.46,8.33,9.51,10.98,9.26,7.63,11.11,12.92,5.67,2.92,3.3,0.83,-0.89,0.31,0.49,-3.48,-5.36,-4.91,-3.01,-1.88,-2.29,-3.14,-4.49,-5.71,-6.64
-1.98,-2.61,-3.22,-3.81,-3.63,-3.99,-4.49,-5.16,-5.35,-5.88,-5.91,-6.01,-6.1,-6.14,-5.5,-5.11,-4.6,-5.43,-4.97,-5.23,-6.38,-6.75,-6.9,-6.46,-5.32,-4.28,-3.62,-2.99,-2.39,-1.94,-1.89,-2.66,-4.09,-5.15,-5.43,-3.79,-1.7,-0.14,0.08,-0.15,-0.04,-1.98,-1.89,-1.39,-0.28,1.64,0.68,-2.35,-7.74,-0.59,3.05,0.87,2.36,4.98,4.77,5.6,2.57,-2,0.57,4.45,4.79,3.36,0.72,-0.18,-2.61,-9.93,-10.41,-7.7,-9.28,-8.98,-7.11,-5.43,-3.67,-2.67,-2.87,-4.28,-6.06,-6.15,-7.7
-3.51,-4.2,-4.47,-5.25,-4.57,-4.33,-5.35,-6.63,-6.66,-5.47,-5.3,-6.1,-6.16,-6.5,-6.65,-5.35,-6.26,-6.11,-6.54,-7.36,-8.34,-7.8,-7.36,-7.19,-6.75,-6.07,-5.16,-4.14,-3.73,-3.48,-3.54,-4.26,-5.11,-5.82,-5.37,-3.84,-2.59,-1.96,-2.8,-4.11,-4.77,-4.45,-3.35,-2.71,-3.44,-5.37,-7.32,-9.89,-15.75,-14.85,-5.03,-2.96,-1.82,-0.36,0,-1.79,-7.71,-5.37,-6.86,-8.35,-10.25,-10.21,-6.23,-4.14,-8.94,-10.85,-15.73,-10.07,-9.71,-8.49,-7.21,-5.77,-4.7,-4.67,-5.01,-6.14,-7.25,-7.1,-8.63
-3.19,-4.12,-4.66,-4.58,-5.5,-5.46,-5.95,-7.63,-8.32,-7.82,-7.7,-8.03,-8.07,-7.71,-7.51,-6.7,-7.01,-7.17,-8,-8.13,-8.79,-9.15,-9.73,-10.04,-9.77,-9.71,-8.25,-6.45,-6.36,-6.27,-6.14,-7.41,-7.77,-6.46,-4.77,-2.6,-1.64,-2.39,-3.41,-5.04,-5.65,-5.08,-4.13,-3.54,-9.21,-11.14,-11.46,-14.69,-17.35,-16.33,-11.59,-6.94,-5.41,-7.03,-8.79,-9.73,-9.74,-10.4,-12.13,-13.5,-15.52,-17.01,-17.53,-18.74,-15.96,-16.93,-16.55,-10.99,-9.15,-8.75,-8.22,-7.57,-6.75,-6.13,-5.74,-6.8,-7.63,-8.26,-8.79
-4.15,-4.39,-4.4,-3.92,-4.54,-5.48,-6.47,-7.99,-9.16,-10.44,-11.24,-10.67,-8.51,-8.29,-8.5,-7.95,-7.09,-8.89,-8.68,-9.5,-10.41,-10.79,-10.86,-10.57,-9.77,-10.07,-8.34,-7.81,-6.79,-6.69,-7.52,-8.4,-6.94,-4.73,-2.65,-1.41,-1.49,-2.56,-3.7,-4.61,-4.35,-3.9,-5.72,-8.15,-12.36,-11.28,-14.65,-17.9,-20.9,-19.15,-17.42,-16.49,-16.35,-15.99,-14.69,-13.29,-13.84,-13.81,-14.08,-15.41,-16.42,-16.08,-16.59,-18.38,-18.44,-20.2,-15.69,-13.48,-9.8,-8.57,-8.58,-8.74,-8.72,-7.19,-6.24,-7.2,-8.58,-9.07,-8.81
-6.58,-6.08,-5.79,-5.56,-5.43,-5.65,-5.94,-6.72,-8.04,-8.28,-8.74,-8.12,-7.48,-8.78,-8.86,-7.59,-8.43,-10.14,-10.72,-11.72,-12.72,-12.63,-11.94,-10.8,-9.82,-9.08,-8.48,-9.34,-8.31,-6.91,-6.24,-5.38,-5.24,-4.94,-3.56,-2.37,-2.19,-1.82,-2.13,-3.11,-4.4,-4.05,-5.95,-12.79,-12.66,-12.12,-13.74,-16.05,-18.11,-19.61,-19.34,-18.06,-17.28,-16.89,-15.39,-14.54,-14.07,-14.9,-15.31,-15.31,-16.2,-16.56,-16.57,-15.37,-14.81,-18.26,-14.88,-11.65,-11.61,-11.59,-9.74,-9.38,-9.7,-9.08,-7.89,-9.16,-9.73,-9.59,-9.69
-8.8,-8.76,-8.38,-7.71,-7.74,-7.43,-7.04,-7.4,-8.36,-8,-7.59,-8.52,-8.61,-8.94,-8.59,-8.83,-10.07,-11.51,-12.69,-13.34,-13.1,-13.51,-13.04,-12.15,-10.99,-9.88,-9.42,-9.67,-9.42,-8.55,-7.58,-6.76,-6.2,-4.99,-3.32,-1.59,-1.48,-1.07,-0.99,-3.44,-3.24,-5.73,-11.13,-12.19,-13.18,-13.64,-12.95,-15.37,-15.65,-14.72,-13.76,-13.32,-13.61,-14.73,-14.86,-14.63,-14.26,-14.41,-14.8,-15.96,-17.53,-16.48,-16.1,-15.62,-15.6,-15.52,-15.55,-13.1,-12.22,-14.49,-11.9,-10.17,-11.04,-10.56,-10.84,-11.46,-9.82,-8.59,-9.24
-9.34,-9.5,-9.49,-9.37,-9.53,-9.31,-8.84,-8.91,-9.03,-9.81,-11.05,-11.05,-9.28,-9.86,-8.89,-10.15,-11.8,-12.78,-13.58,-13.63,-13.75,-14.12,-13.78,-13.45,-12.56,-11.39,-9.83,-9.24,-8.79,-7.35,-5.78,-4.74,-4.42,-4.06,-3.45,-3.16,-0.12,-0.64,-3.44,-6.59,-7.21,-13.03,-12.81,-12.73,-10.94,-11.84,-12.86,-11.95,-15.11,-16.09,-16,-16.83,-16.42,-14.82,-14.18,-15,-15.21,-13.81,-13.5,-14.36,-14.8,-13.96,-12.4,-10.85,-12.64,-14.07,-14.39,-14.74,-12.3,-12.92,-13,-11.95,-12.07,-11.1,-10.62,-10.35,-9.46,-7.56,-7.51
-11.05,-10.67,-10.58,-10.24,-10.08,-10.43,-10.24,-10.48,-10.8,-12.02,-12.72,-10.88,-9.84,-9.63,-10.16,-11.33,-13.26,-13.1,-13.51,-13.3,-13.53,-13.94,-13.93,-13.86,-13.33,-12.78,-11.5,-9.38,-7.5,-6.16,-4.39,-2.84,-2.08,-2.25,-2.93,-4.08,-2.16,-4.2,-4.66,-7.67,-9.53,-10.32,-11.48,-10.02,-9.28,-9.86,-12.53,-13.79,-12.21,-12.52,-13.47,-14.33,-14.7,-15.24,-14.34,-13.49,-12.4,-11.6,-11.03,-12.54,-12.88,-10.36,-8.81,-8.99,-10.71,-11.12,-11.57,-13.64,-13.39,-11.27,-9.7,-12.59,-11.73,-12.53,-11.65,-10.54,-8.77,-7.55,-6.49
-13.03,-12.58,-12.6,-12.41,-12.44,-12.82,-13.27,-13.85,-13.74,-13.28,-13.17,-11.2,-9.78,-9.82,-9.9,-10.89,-12.76,-12.57,-13.35,-13.28,-13.47,-13.74,-13.51,-13.4,-13.25,-12.79,-12.09,-11.11,-9.18,-6.29,-4.05,-2.5,-0.84,0.69,-0.36,-3.71,-4.03,-2.43,-0.21,-3.65,-4.51,-5.41,-7.19,-7.38,-7.32,-7.16,-8.8,-10.92,-12.9,-12.88,-12.89,-12.9,-14.32,-14.25,-14.26,-13.78,-12.75,-12.31,-12.36,-12.18,-10.59,-12.22,-13.39,-12.32,-11.27,-10.27,-9.26,-10.49,-12.26,-11.23,-9.87,-8.7,-9.71,-9.4,-8.49,-8.17,-8.05,-6.83,-6.78
-13.18,-13.27,-13.2,-13.11,-13.05,-13.21,-13.42,-13.52,-13.06,-13.13,-13.1,-11.84,-10.63,-9.16,-9.33,-11.48,-12.87,-12.5,-12.72,-12.24,-12.16,-11.64,-11.22,-11.11,-11.16,-11.15,-11.03,-10.57,-9.74,-8.4,-5.97,-3.66,-2.08,-1.22,-1.24,-2.09,-2.05,-4.54,-0.73,-0.17,-1.24,-2.5,-2.17,-2.68,-4.49,-3.26,-4.5,-8.42,-11.66,-13.82,-14.24,-12.8,-12.58,-12.45,-12.57,-12.67,-12.17,-11.83,-10.92,-10.3,-10.7,-11.54,-10.78,-8.78,-6.88,-7.32,-6.93,-6.44,-8.14,-10.62,-9.39,-7.72,-9.98,-8.32,-5.52,-4.3,-4.1,-3.83,-4.39
-12.82,-12.62,-12.67,-13.04,-12.98,-12.52,-12.28,-12.51,-12.51,-13.01,-12.7,-11.6,-11.12,-10.25,-12.29,-13.15,-13.1,-11.8,-11.22,-10.48,-9.76,-9.43,-9.26,-9.52,-9.85,-9.77,-9.6,-9.27,-8.57,-7.64,-6.54,-4.76,-2.32,-0.13,0.59,0.19,-1.29,-3.79,-4.62,-2.14,-1.32,0.84,-4.16,-4.13,-4.83,-9.76,-9.4,-6.06,-8.99,-9.82,-10.94,-9.5,-9.32,-10.97,-11.7,-11,-10.5,-10.46,-10.3,-9.83,-9.3,-9.54,-9.85,-9.28,-7.25,-5.75,-4.91,-5.37,-7.12,-8.73,-9.21,-8.28,-8.59,-9.47,-7.39,-4.68,-2.35,-0.25,0.69
-11.39,-12.3,-12.98,-13.72,-13.96,-13.64,-12.46,-11.91,-12,-12.21,-12.03,-11.27,-11.22,-12.43,-13.15,-11.95,-11.29,-10.55,-10.06,-9.81,-9.56,-9.33,-9.25,-9.61,-9.99,-10.1,-9.9,-9.16,-8.3,-7.43,-6.4,-5.04,-3.31,-1.25,1.19,2.01,0.47,-3.06,-2.16,-3.55,-5.8,-3.88,-0.43,-4,-4.55,-6.23,-9.53,-8.43,-7.4,-8.12,-9.52,-9.15,-9.24,-9.03,-9.05,-8.42,-8.47,-8.23,-7.59,-7.35,-7.69,-8.41,-8.27,-6.52,-5.57,-6.99,-6.3,-5.72,-6.41,-6.78,-7.5,-7.74,-6.66,-8.49,-5.74,-4.46,-4.26,-2.86,-2.17
-11.99,-11.95,-12.27,-12.33,-12.59,-12.51,-12.49,-12.8,-13.08,-12.23,-12.12,-11.74,-11.77,-11.83,-12.57,-11.3,-10.75,-11.03,-10.57,-10.05,-9.68,-9.19,-8.94,-8.79,-8.66,-8.53,-8.35,-8.02,-7.57,-7,-6.54,-6.17,-4.89,-2.77,-0.75,0.77,-0.68,-2.93,-5.59,-6.43,-6.04,-7.13,-8.78,-6.68,-7.79,-7.3,-6.74,-7.56,-7.78,-8.45,-8.01,-7.42,-7.46,-6.92,-6.67,-6.32,-6.22,-6.82,-7.45,-7.68,-6.95,-7.64,-8.48,-8.01,-7.2,-6.02,-6.03,-5.96,-4.79,-4.47,-5.22,-6.16,-7.68,-8.05,-5.45,-4.07,-3.62,-4.2,-3.43
-12.6,-11.54,-10.87,-10.57,-10.61,-10.41,-10.06,-9.63,-9.87,-10.04,-9.72,-10.22,-10.85,-11.77,-11.35,-10.58,-10.23,-9.46,-8.78,-7.96,-7.61,-7.11,-6.76,-6.44,-6.2,-6.11,-6.13,-6.11,-5.93,-5.51,-5.24,-5.06,-5.09,-4.63,-3.15,-1.81,-2.87,-3.33,-3.36,-3.98,-4.86,-4.29,-4.23,-4.43,-7.59,-7.16,-5.42,-4.76,-5.96,-5.35,-6.21,-7.53,-7.06,-5.76,-3.39,-3.68,-3.7,-5.07,-6.68,-7.4,-5.44,-4.86,-6.55,-8.04,-9.72,-9.25,-7.04,-5.29,-4.52,-4.42,-3.19,-1.31,-1.39,-5.01,-3.85,-3.59,-2.15,-3.3,-3.65
-12.49,-12.21,-11.86,-11.39,-10.83,-10.38,-10.21,-9.87,-9.12,-9.23,-8.45,-9.15,-8.94,-9.47,-9.06,-8.76,-7.63,-7.13,-6.42,-5.91,-5.66,-5.48,-5.22,-5.09,-4.91,-4.98,-5.16,-5.24,-5.07,-4.83,-4.41,-3.91,-3.69,-3.45,-3.11,-2.49,-2.08,-4.12,-4.6,-1.5,-1.74,-4.55,-5.72,-4.89,-3.4,-5.11,-5.95,-4.17,-4.38,-5.15,-1.58,-1.1,-0.67,0.22,-0.43,1.06,1.04,-0.71,-1.51,-3.16,-0.45,-0.9,-3.01,-5.23,-7.31,-8.69,-8.85,-7.31,-5.15,-3.61,-0.76,2.11,2.54,0.37,-1.51,-2.52,-0.49,-0.97,-1.76
-10.07,-9.7,-9.97,-9.83,-9.49,-9.22,-9.39,-9.52,-8.81,-9.64,-9.03,-8.76,-8.48,-8.68,-8.12,-7.46,-6.63,-6.12,-5.49,-4.91,-4.5,-4.28,-4.26,-4.31,-4.28,-4.17,-4.06,-4.09,-3.97,-3.59,-3.61,-3.46,-2.93,-2.61,-2.18,-1.76,-1.98,-1.95,-2.89,-1.87,-1.12,-2.13,-2.22,-2.69,-2.83,-1.74,-1.93,-3.22,-1.98,-0.43,-0.6,-2.26,-0.54,-0.98,-0.18,2.97,1.33,-2.65,-0.45,-3.14,-4.05,-4.16,-1.52,-1.39,-3.39,-5.8,-7.12,-6.58,-6.47,-3.76,-0.79,-0.56,2.85,1.48,-0.77,-2.27,-1.34,-1.51,-0.78
-10.31,-10.53,-11.06,-10.82,-10.66,-10.4,-10.01,-9.2,-9.08,-9.14,-8.56,-7.79,-7.84,-7.82,-7.48,-6.88,-5.78,-4.91,-4.2,-3.73,-3.65,-4.02,-4.55,-4.8,-4.67,-4.2,-3.76,-3.23,-2.58,-2.28,-2.23,-2.18,-2.16,-2.02,-1.69,-0.99,-0.02,0.66,0.1,0.17,0.66,1.37,2.32,4.63,4.33,2.5,1.29,0.03,-1.07,-1.84,1.6,4.86,3.95,2.42,0.01,-3.94,-0.31,-1.13,-0.62,-3,-5.87,-5.14,-3.89,-0.44,0.46,-2.16,-4.39,-6.38,-4.92,-2.94,-1.97,-2.92,-2.11,-1.97,-1.78,-2.37,-2.01,-1.28,-0.69
-8.39,-8.44,-8.42,-8.26,-8.09,-8.17,-8.23,-7.94,-7.54,-6.73,-5.98,-6,-6.02,-5.85,-5.47,-4.9,-4.53,-4.26,-4.11,-4.28,-4.85,-5.2,-5.38,-5.18,-4.8,-4.21,-3.45,-2.66,-1.82,-1.17,-0.41,0.16,0.48,0.4,0.09,-0.23,0.44,1.61,2.91,4.03,4.68,5.3,6.68,8.01,10.4,9.41,8.19,6.02,5.28,2.78,1.52,1.9,3.2,4.38,3.93,4.21,-4.05,-3.97,-6.33,-2.52,-6.66,-4.62,-3.9,-3.16,1.22,3.03,-0.54,-2.62,-4.25,-2.93,-0.82,-1.83,-3.87,-3.51,-2.52,-1.85,-1.02,-0.88,-0.7
-6.08,-5.61,-5.25,-5.06,-4.85,-5.3,-5.95,-6.55,-6.17,-6.07,-5.33,-5.21,-4.98,-4.64,-4.47,-4.11,-3.98,-3.79,-3.92,-4.16,-4.33,-4.5,-4.27,-3.75,-2.92,-1.87,-1.07,0.01,0.51,1.02,1.41,2.01,2.71,2.9,2.91,2.36,2.28,2.73,3.46,5.11,7.33,7.77,7.05,6.22,7.19,9.7,9.3,9.37,11.12,8.33,5.39,5.02,4.6,4.32,3.66,4.26,4.34,2.48,-1.7,-3.09,-5.13,-3.73,-2.78,-0.49,-1.69,2.08,7.11,2.31,-1.3,-0.06,0.94,2.21,-1.21,-2.7,-1.32,-0.87,-0.97,-1.07,-1.32
-3.44,-3.21,-2.86,-2.93,-3.18,-3.94,-4.63,-5.15,-5.5,-6.01,-6.4,-6.58,-6.55,-5.69,-4.55,-3.31,-2.95,-2.8,-2.7,-2.35,-2.36,-2.1,-1.5,-0.66,0.15,0.94,1.36,1.61,2.09,2.75,3.58,4.16,4.53,4.93,5.68,6.4,5.7,5.65,6.68,7.08,6.88,7.83,8.19,8.93,7.54,7.04,6.45,7.38,9.6,10.86,9.18,5.8,5.46,5.21,5.02,5.7,5.22,4.19,2.94,1.15,-0.52,0.82,1.98,2.16,5.42,2,4.76,6.66,0.38,1.2,2.63,2.04,-0.26,-0.44,0.32,0.41,0,-0.2,-1.72
-1.01,-0.98,-0.67,-0.53,-1.16,-2.08,-3.46,-5.03,-5.92,-6.27,-6.14,-5.31,-4.33,-3.12,-2.09,-1.68,-1.12,-0.75,-0.09,-0.02,-0.19,0.33,0.69,1.29,1.63,1.95,1.9,2.04,2.5,2.76,3.28,3.82,4.52,5.54,6.41,7.31,8.38,9.49,10.32,10.45,9.9,10.39,10.34,10.63,11.64,11.09,9.59,7.46,7.62,7.88,9.75,9.41,6.76,5.04,4.73,5,5.27,4.95,5.02,4.84,4.52,3.81,3.69,3.65,4.33,4.86,1.85,6.15,2.63,2.45,1.94,1.56,1.03,0.65,1.45,1.75,1.4,0.81,-1.5
0.8,0.77,0.6,0.77,0.38,-0.87,-2.18,-3.07,-3.58,-3.53,-3.12,-2.2,-1.5,-0.95,-0.31,0.13,0.17,0.21,0.88,0.51,0.77,1.34,2.08,2.5,2.31,2.25,2.2,2.45,3.2,3.87,4.77,5.72,6.43,6.9,7.14,7.43,7.92,8.71,9.64,10.12,11.22,12.4,13.03,12.99,13.34,14.26,13.27,11.02,8.63,7.59,8.64,8.05,8.82,7.36,5.66,5.38,4.97,4.91,4.9,4.59,3.93,2.92,2.25,2.72,4.45,5.15,3.58,4.23,4.17,2.91,3.93,1.88,2.31,1.07,2.31,3.08,2.66,1.27,-0.79
1.96,2.07,1.73,1.19,0.66,-0.28,-1.14,-1.43,-1.45,-1.09,-0.5,0.54,1.18,1.86,2.24,2.2,2.01,1.69,0.66,0.76,1.47,2.24,2.62,2.71,2.58,2.92,3.41,4.31,5.07,5.61,5.92,5.88,6.19,6.85,7.62,8.46,9.23,10.16,11.16,11.94,12.43,13.17,14.76,15.13,15.13,15.41,14.71,12.85,10.42,8.81,8.9,10.06,9.08,9.42,7.97,7.08,6.44,5.55,5.01,4.58,4.2,4.3,5,6.16,6.95,7.56,4.13,4.24,5.59,6.18,4.38,3.49,2.39,1.37,2.56,3.82,3.87,1.92,0.88
3.79,3.32,2.75,2.02,1.26,0.81,0.51,0.56,0.84,1.58,2.64,3.84,3.86,3.9,4.45,3.88,3.54,3.58,3.02,2.17,2.25,2.43,2.47,2.82,3.58,4.61,5.2,5.52,5.26,5.67,5.3,6,6.8,7.49,8.33,9.46,10.67,11.69,12.48,13.19,13.79,13.81,13.95,15.12,15.78,15.55,16.63,15.37,12.31,10.87,9.13,9.61,9.8,10.05,8.8,7.91,6.87,6.12,5.8,5.53,5.69,6.2,6.24,5.94,6.29,6.42,5.14,3.06,3.49,4.56,4.26,4.15,4.09,2.98,3.41,4.47,4.66,2.44,2.37
5.29,5.3,4.7,4.36,3.93,3.45,3.21,3.06,3.57,5.04,6.02,6.08,5.89,5.98,5.59,4.82,5.04,5.46,4.44,3.4,3.18,2.64,2.7,3.67,4.76,5.69,6.02,6.26,5.99,5.89,5.76,6.31,6.57,7.63,8.94,9.86,10.84,11.95,13.22,14.08,14.82,15.1,14.95,14.74,15.85,16.1,15.09,17.19,16.08,12.54,9.96,9.6,9.31,9.87,9.88,10.03,9.37,8.27,7.12,6.17,5.67,5.04,4.29,3.85,3.44,3.86,4.97,5.3,5.87,6.34,6.7,7.48,7.72,6.16,6.02,6,5.08,3.46,3.73
6.57,6.8,7.13,7.27,7.51,6.92,6.18,6.05,6.59,6.96,6.39,5.37,5.68,6.7,7.28,7.39,6.56,5.76,4.95,4.72,4.32,3.71,3.93,4.91,5.86,6.43,6.87,6.74,6.58,6.03,6.21,5.98,7.24,8.44,8.91,9.59,10.57,11.2,11.99,13.02,13.88,14.97,15.71,15.92,15.52,16.1,16.3,14.58,16.7,16.06,11.68,9.66,8.81,8.58,7.94,9.22,8.41,7.11,5.72,5.04,5.03,5.44,6.07,6.83,7.32,7,6.28,6.41,7.26,8.03,8.86,10.27,11.14,9.15,8.13,7.67,5.84,4.35,4.09
8.81,8.41,8.58,9.32,10.32,11.04,10.72,9.95,9.29,8.97,7.56,6.55,7.11,8.13,8.22,8.51,8.47,7.32,7.03,6.98,6.82,6.38,6.15,6.31,6.6,6.88,7.22,6.91,7.17,6.4,6.33,6.86,7.74,7.86,8.41,9.69,10.38,10.9,11.42,12.57,13.44,14.57,15.59,16.44,16.55,15.77,15.48,16.21,15.36,16.79,14.31,11.29,8.84,8.25,7.09,5.24,4.27,3.56,3.52,3.88,4.23,4.61,5.09,5.5,6.04,6.45,6.39,4.92,4.43,5.94,6.82,7.86,9.12,9.88,9.2,7.94,6.71,5.63,5.39
13.2,13.69,13.16,12.3,12.21,12.88,14.13,14.4,13.27,11.81,10.59,9.23,9.01,9.07,7.62,8.19,9.26,9.57,9.76,9.92,9.79,9.43,8.81,8.12,7.68,7.46,7.62,7.56,7.66,6.8,6.68,7.33,7.36,7.01,8.27,9.47,10.03,10.38,10.85,11.96,13.47,14.59,15.38,16.64,17.08,16.38,15.3,14.65,14.86,15.52,15.14,12.58,10.62,8.34,7.59,4.91,2.89,2.66,2.84,3.25,3.73,4.51,5.4,5.88,6.46,7.26,6.83,6.15,5.86,6.72,5.77,6.02,7.33,7.78,8.09,7.49,6.6,6.27,6.85
18.07,18.09,18.27,17.43,16.03,15.17,15.51,16.2,16.36,15.76,14.49,13.66,12.14,10.7,9.19,8.72,9.62,10.99,11.63,11.87,11.92,11.86,11.45,10.62,9.39,8.5,8.14,8.41,8.01,7.3,6.73,7.37,7.01,7.01,8.17,8.68,8.9,9.51,10.93,12.28,14.21,16.73,18.29,18.33,18.01,17.29,15.12,14.14,13.54,14.71,14.67,12.86,11.61,10.14,8.48,6.9,4.79,4.26,4.88,4.87,5.15,5.68,6.01,6.3,6.68,6.62,6.7,7.13,8.51,8.84,6.89,4.89,4.82,6.24,6.71,6.06,6.39,7.23,8.14
18.96,20.28,20.64,21.04,21.16,20.68,19.56,18.99,19.2,19.36,18.99,17.85,16.73,15.05,13.93,12.64,11.93,12.51,13.54,13.88,13.81,13.71,13.59,12.99,11.58,10.29,9.38,9.19,8.66,7.52,7.35,7.69,7.37,7.48,7.83,8.28,7.91,8.6,8.93,11.05,15.46,19.73,21.8,20.52,18.09,16.64,14.47,13.37,13.02,12.55,13.92,12.32,10.92,11.46,10.61,8.89,8.25,7.81,8.1,7.42,6.7,5.82,4.77,4.25,4.11,4.25,4.73,5.61,6.7,7.57,8.1,8.06,7.28,7.72,7.62,6.61,6.71,7.77,8.87
6.85,9.61,13.75,17.94,20.77,21.72,22.45,23.25,23.34,23.2,22.88,22.37,21.44,20.22,18.94,17.74,16.52,15.46,15.26,15.61,15.61,15.3,15.11,14.8,13.86,12.53,11.2,10.22,9.46,8.4,8.09,8.09,7.91,7.69,7.99,7.96,6.87,6.86,7.61,10.29,12.91,14.1,12.34,13.11,13.73,13.01,11.5,11.46,11.37,10.83,11.88,11.14,9.14,9.42,11.18,10.45,9.9,10.57,9.58,8.26,6.86,5.6,4.9,4.71,4.76,5.1,5.6,6.23,7.3,8.33,8.54,8.37,8.51,9.05,8.92,8.29,7.69,7.85,8.55
8.74,9.44,9.99,10.85,12.74,15.7,18.69,21.34,23.59,25.27,26.26,26.65,26.27,25.31,24.09,22.72,21.05,19.68,18.7,17.78,17.25,16.84,16.53,16.27,15.58,14.67,13.32,11.64,10.56,9.39,8.73,8.58,8.28,8,7.82,7.57,6.3,6.18,6.72,7.24,6.82,5.77,3.99,5.36,6.84,7.32,7.86,8.81,8.85,9.01,9.73,9.17,7.15,6.87,8.42,9.74,10.58,10.34,8.7,6.93,5.92,5.9,6.32,6.67,6.56,6.36,6.63,6.82,7,7.9,8.64,8.41,8.43,8.94,9.24,9.13,7.59,7.87,8.26
11.17,12.03,12.88,13.68,14.41,15.21,16.35,17.92,20.13,22.74,25.32,27.39,28.91,29.58,29.11,27.83,26.18,24.19,22.61,21.15,20.01,19.21,18.38,17.76,16.95,16.23,15.39,13.53,11.73,10.23,9.34,8.74,8.37,8.09,7.69,7.05,5.99,5.49,5.37,4.33,1.8,0.93,2.34,1.78,1.56,2.46,4.76,6.08,6.21,6.98,7.6,7.83,5.53,4.62,4.9,5.89,6.47,5.98,5.19,4.81,4.83,5.07,5.45,5.69,5.38,4.83,4.89,5.6,6.48,7.42,8.23,8.73,8.76,8.96,9.49,11.18,11.78,9.77,8.02
12.71,13.5,14.32,15.12,15.94,16.85,17.88,18.98,20,20.94,22.16,24.06,26.4,28.43,29.89,30.55,30.15,28.77,26.86,24.95,23.69,22.6,21.25,20.06,18.66,17.62,17.12,15.44,13.31,11.57,10.21,9.09,8.42,8.07,7.53,6.39,5.24,4.64,4.23,3.18,0.02,-3.35,0.62,1.83,1.66,2.34,3.8,5,5.66,5.93,5.58,6.77,5.5,4.36,3.81,3.26,2.87,3.21,3.97,4.65,5.12,5.53,6.19,7.08,7.76,7.68,6.84,5.77,5.33,6.26,7.83,9.05,10.02,10.7,11.29,12.11,13.49,15.06,14.18
