gfs.json
{"header": {"discipline":0,"disciplineName":"Meteorological products","gribEdition":2,"gribLength":134456,"center":7,"centerName":"US National Weather Service - NCEP(WMC)","subcenter":0,"refTime":"2014-02-07T12:00:00.000Z","significanceOfRT":1,"significanceOfRTName":"Start of forecast","productStatus":0,"productStatusName":"Operational products","productType":1,"productTypeName":"Forecast products","productDefinitionTemplate":0,"productDefinitionTemplateName":"Analysis/forecast at horizontal level/layer at a point in time","parameterCategory":2,"parameterCategoryName":"Momentum","parameterNumber":3,"parameterNumberName":"V-component_of_wind","parameterUnit":"m.s-1","genProcessType":2,"genProcessTypeName":"Forecast","forecastTime":6,"surface1Type":100,"surface1TypeName":"Isobaric surface","surface1Value":85000,"surface2Type":255,"surface2TypeName":"Missing","surface2Value":0,"gridDefinitionTemplate":0,"gridDefinitionTemplateName":"Latitude_Longitude","numberPoints":65160,"shape":6,"shapeName":"Earth spherical with radius of 6,371,229.0 m","gridUnits":"degrees","resolution":48,"winds":"true","scanMode":0,"nx":360,"ny":181,"basicAngle":0,"subDivisions":0,"lo1":0,"la1":90,"lo2":359,"la2":-90,"dx":1,"dy":1}, "data":
[rows 108 to 143 of 181, columns 243 to 323 of 360]
-3.59,-3.75,-3.54,-4.44,-3.72,-3.47,-3.58,-2.83,-2.18,-1.56,-1.27,-1.4,-1.07,-0.35,0.4,0.81,1.29,1.8,2.1,2.26,2.36,2.17,2.2,2.55,3.39,3.22,2.43,2.69,2.42,2.29,1.71,1.29,1.55,2.37,3.17,3.77,4.42,5.57,6.06,5.54,4.69,2.96,0.93,0.42,-1.36,-1.39,-0.87,2.81,0.04,-3.66,-5.57,-4.18,-6.43,-7.78,-15,-11.8,-7.76,-6.04,-4.04,-4.58,-3.49,-5.22,-5.38,-4.43,-4.1,-3.58,-3.32,-2.47,-1.71,-1.72,-2.1,-0.81,-1.23,-2.02,-0.37,-0.69,-0.02,-0.68,-1.45,-0.55,-0.61
-3.3,-2.79,-3.79,-4.93,-5.27,-4.76,-4.24,-4.31,-3.14,-2.36,-1.8,-0.93,-0.39,-0.06,0.55,1.29,1.45,1.44,1.64,2.22,2.87,2.97,2.94,3.11,2.39,2.55,3.01,3.03,2.07,0.81,0.74,1.4,1.78,2.44,3.29,4.29,5.21,5.88,5.95,5.88,5.65,4.39,2.51,1.16,-0.9,-2.03,-1.63,1.9,1.8,0.06,-2.1,-3.25,-3.89,-6.19,-17.33,-15.6,-13.87,-8.39,-5.64,-4.67,-3.56,-4.75,-4.46,-3.83,-3.67,-3.57,-3.49,-3.23,-2.9,-2.87,-1.87,-1.4,-1.02,-0.83,-1.58,-1.47,-1.28,-2,-2.43,-2.07,-1.27
-4.42,-4.69,-4.18,-3.92,-4.97,-5.05,-4.9,-5.01,-4.76,-3.12,-2.35,-2.07,-1.06,-0.32,-0.11,0.75,1.89,2.4,1.62,0.93,1.84,2.57,3.12,4.44,4.51,2.49,2.45,2.85,3.04,2.52,2.37,3.01,3.09,3.24,4.16,4.91,5.54,6.14,6.73,6.68,5.52,4.68,3.45,1.61,-0.43,-2.19,-2.31,1.05,1.45,1.55,-0.71,-0.04,-4.8,-5.61,-18.36,-20.95,-17.8,-9.22,-6.17,-5.58,-4.03,-4.05,-3.45,-3.61,-3.6,-3.62,-3.42,-2.88,-2.48,-2.43,-2.31,-2.51,-1.78,-2.47,-2.51,-2.47,-2.92,-4.21,-3.27,-2.68,-2.13
-4.88,-5.5,-6.09,-5.99,-5.19,-4.11,-3.38,-3,-3.45,-3.58,-2.54,-1.93,-1.98,-1.1,-0.33,0.67,1.57,2.21,2.05,1.08,0.59,1.65,1.95,2.7,4.52,4.61,2.79,2.41,2.35,2.98,3.23,3.38,3.93,4.3,4.74,5.75,6.05,6.07,6.31,6.75,6.67,5.42,4.25,2.18,-0.16,-1.59,-3.21,0.14,1.28,0.31,-0.74,-1.1,-0.49,-6.46,-17.73,-18.75,-19.53,-10.96,-7.04,-6.14,-5,-4.58,-3.87,-3.61,-4.06,-3.73,-3.15,-2.61,-2.71,-2.36,-2.43,-2.27,-2.25,-2.71,-3.42,-1.37,-5.06,-6.08,-4.18,-3.27,-3.19
-5.97,-5.78,-5.46,-4.5,-3.91,-4,-3.14,-2.74,-2.1,-1.59,-1.21,-0.51,-0.18,-0.56,-0.49,0.4,1.51,3.13,2.99,1.49,0.38,0.02,0.72,1.06,2.55,4.35,3.88,3.07,1.25,1.59,2.08,3.12,4.49,5.58,6.18,6.6,7,6.35,6.07,6.36,6.65,6.16,4.61,2.54,0.31,-1.5,-2.69,0.1,0.66,2.62,-1.25,-0.98,0.4,-7.18,-15.69,-16.08,-16.63,-10.94,-8.22,-7.24,-5.94,-5.28,-4.64,-4.16,-4.45,-4.1,-3.48,-2.93,-2.86,-2.88,-1.67,-1.2,-1.44,-2.61,-4.49,-4.17,-6.59,-6.23,-5.09,-3.99,-3.54
-5.99,-6.45,-6.49,-6.17,-5.12,-4.2,-4.5,-3.37,-3.04,-2.86,-2.31,-2.07,-1.05,-1.05,-1.01,-0.63,0.71,2.92,3.59,2.19,1.28,0.07,-0.35,0.46,1.73,2.79,3.27,3.78,2.11,2.22,2.53,2.95,3.93,5.69,7.68,7.97,7.63,7.2,5.88,5.38,6.14,5.83,4.7,2.59,-0.26,-2.02,-3.03,1.94,1.15,2.49,3.29,1.04,-1.73,-7.41,-13.71,-14.52,-14.49,-11.48,-9.68,-7.81,-6.53,-5.06,-5.22,-4.45,-5.22,-4.46,-3.59,-3.89,-3.33,-2.15,-1.52,1.71,-0.06,-3.82,-4.52,-6.59,-5.96,-5.4,-5.08,-4.57,-4.19
-5.09,-6.61,-6.81,-6.36,-6.33,-5.66,-5.11,-3.98,-3.58,-4.46,-3.94,-2.67,-1.89,-1.38,-1.16,-0.89,0.01,2.24,2.1,1.68,1.5,1.15,0.87,0.49,0.57,0.94,2.06,2.41,1.94,2.22,2.45,2.73,3.88,5.87,7.48,8.16,7.98,7.29,6.69,5.64,5.38,5.69,4.51,3.17,0.55,-1.68,-1.31,-1.92,0.1,-3.68,1.73,0.63,-3.37,-9.22,-12.98,-13.36,-13.19,-11.68,-10.33,-8.85,-7.48,-5.36,-5.79,-5.47,-5.87,-4.26,-3.8,-4.65,-4.76,-2.94,-0.05,-0.59,-0.8,-2.71,-4.91,-6.05,-5.7,-5.55,-5.66,-5.64,-5.25
-3.81,-5.68,-6.48,-7.07,-7.13,-6.62,-5.83,-4.29,-3.22,-3.93,-3.95,-2.27,-1.56,-1.5,-1.13,-0.98,-0.33,1.44,1.24,1.19,1.11,1.04,1.43,1.89,1.71,1.06,1.02,1.52,1.84,1.83,1.86,2.35,3.01,4.7,7.65,7.68,7.55,7.29,6.49,6.46,5.17,5.46,4.34,3.28,1.55,-0.7,-1.88,2.39,-0.21,-1.51,0.43,1.25,-4.83,-11.45,-12.79,-13.24,-12.97,-11.78,-10.42,-8.93,-6.59,-4.78,-6.38,-5.82,-6.65,-5,-4.52,-3.69,-2.45,-2.92,-1.59,-0.71,-3.04,-4.12,-6.01,-6.82,-6.79,-6.55,-6.79,-6.91,-5.97
-2.26,-4.87,-6.48,-6.54,-6.92,-7.08,-6.35,-4.78,-3.92,-4,-3.72,-2.18,-1.73,-1.6,-0.97,-1,-0.59,0.94,0.82,0.39,1.18,1.41,2.09,2.41,1.96,1.25,1.07,1.55,1.93,2.34,2.15,1.56,2.11,4.47,7.27,6.58,6.21,6.36,6.21,6.3,5.56,5.15,4.41,3.03,2.1,0.66,-0.31,1.5,1.14,0.3,2.39,-1.38,-7.01,-11.83,-12.44,-13.2,-12.66,-11.75,-11.07,-10.34,-7.7,-4.23,-5.17,-5.95,-5.77,-4.94,-3.65,-2.99,-2.02,-2.18,-2.1,-3.3,-5.26,-5.5,-6.62,-7.6,-7.42,-7.39,-7.31,-7.01,-6.55
-1.34,-3.72,-6.17,-6.64,-7.31,-7.01,-6.37,-5.3,-4.94,-4.27,-3.12,-2.11,-1.97,-1.46,-0.83,-0.69,-0.34,0.6,0.76,0,0.47,0.97,1.72,2.39,2.47,1,0.07,0.01,1.39,4.08,5.39,3.56,2.47,4.29,5.86,5.93,6.32,6.08,5.81,5.62,5.83,5.06,4.63,3.51,2.18,1.07,0.54,0.98,0.23,3.63,4.74,0.58,-6.45,-12.16,-11.99,-12.86,-11.9,-10.76,-10.21,-10.15,-8.44,-5.88,-5,-5.59,-4.13,-3.62,-3.53,-2.79,-2.61,-3.18,-4.03,-5.65,-7.07,-7,-7.65,-7.98,-7.75,-7.68,-7.46,-7.11,-6.64
-2.14,-3.34,-4.23,-5.02,-5.69,-6.36,-5.61,-4.52,-4.69,-3.01,-2.13,-2.48,-2.17,-1.59,-0.73,0.04,0.36,0.68,0.81,0.56,0.31,1.18,1.94,1.12,1.07,1.08,0.23,-1.67,1.03,5.81,7.56,5.79,3.53,3.15,4.1,5.21,6.38,6.87,6.61,6.1,5.65,5.21,4.55,3.76,2.5,0.86,-0.29,-0.82,0.78,1.44,1.89,-0.66,-7.63,-11.29,-11.57,-11.97,-10.99,-10.25,-9.99,-9.27,-8.21,-6.88,-6.09,-4.8,-3.86,-3.16,-2.27,-3.23,-2.49,-3.45,-6.39,-7.63,-8.17,-8.03,-8.54,-8.7,-8.54,-8.14,-7.52,-6.83,-6.08
-2.67,-3.42,-3.98,-4.21,-4.92,-5.75,-4.97,-4.06,-2.82,-2.09,-2.27,-2.58,-2.39,-2.03,-1.08,-0.08,0.32,0.63,0.71,0.47,0.08,1.97,3.16,2.14,0.88,0.72,0.53,-1.75,1.16,6.4,7.18,4.72,3.62,2.93,3.94,4.75,5.71,6.17,6.43,6.76,6.58,5.29,4.76,4.01,2.42,0.34,0.61,-1.16,0.81,4.34,1.79,1.51,-7.98,-9.84,-10.74,-11.55,-10.36,-8.62,-9.02,-8.66,-8.24,-7.48,-6.98,-6.26,-5.32,-4.51,-4.19,-1.96,-1.03,-2.62,-6.78,-9.21,-9.38,-8.95,-9,-8.84,-8.68,-8.26,-7.44,-6.43,-5.34
-1.8,-2.78,-3.4,-3.83,-3.8,-3.59,-3.74,-3.52,-2.75,-2.2,-2.27,-2.66,-2.81,-1.96,-0.05,0.85,0.81,0.15,-0.72,-0.77,0.55,3.51,3.96,2.11,0.57,-0.29,0.18,-0.71,1.97,5.87,5.42,4.1,4.67,4.3,3.57,4.63,5.51,5.78,5.9,5.83,6.42,5.61,4.86,4.46,2.66,-0.77,0.52,0.11,2.43,3.5,0.31,-0.52,-6.79,-8.25,-8.42,-9.73,-9.95,-8.32,-7.24,-6.89,-7,-7.65,-7.03,-5.65,-4.8,-4.21,-3.85,-2.95,-1.73,-3.42,-6.17,-9.69,-10.35,-9.88,-9.41,-8.96,-8.25,-7.39,-6.49,-5.66,-4.84
-1.4,-2.11,-2.57,-2.86,-2.9,-2.72,-2.67,-2.75,-2.52,-1.92,-2.05,-2.59,-2.14,0.21,1.65,1.25,1.36,1.1,0.65,0.93,1.9,2.83,3.19,2.92,1.89,0.36,-0.43,-0.08,2.17,3.73,2.99,3.16,5.03,7.55,8.08,6.84,5.7,5.28,4.88,5.56,5.88,5.36,4.44,4.53,2.74,-1.41,-0.49,-0.48,0.86,2.82,0.9,-2.97,-6.45,-4.71,-7.81,-7.51,-7.7,-7.91,-6.69,-5.21,-5.53,-6.75,-6.84,-5.98,-5.41,-5.34,-5.93,-4.46,-3.36,-4.9,-5.58,-8.96,-10.31,-10.03,-9.26,-8.62,-7.85,-6.77,-5.51,-4.57,-4.04
-0.83,-1.08,-1.07,-1.12,-1.42,-1.55,-1.54,-1.59,-1.98,-2.31,-2.17,-1.62,-0.22,1.31,1.03,0.95,1.39,1.66,2.04,2.41,2.8,3.29,3.44,2.92,2.35,2.09,1.85,1.67,2.1,2.78,2.83,3.62,4.84,5.55,6.25,6.9,7,7.79,5.64,4.23,4.79,5.17,3.91,3.73,2.52,-1.45,1.14,0.03,0.52,2.33,-0.67,-3.62,-1.51,-4.07,-7.1,-5.89,-6.56,-7.19,-6.55,-6.97,-4.96,-5.32,-5.62,-6.21,-5.52,-5.88,-6.84,-4.49,-3.52,-5.14,-6.43,-7.78,-9.46,-9.74,-9.18,-8.46,-7.69,-6.72,-5.43,-4.27,-3.57
-0.73,-0.39,0.21,0.46,0.18,-0.11,-0.1,-0.13,-0.19,-0.47,-0.5,-0.07,0.38,0.58,0.79,1.11,1.43,1.85,2.2,2.32,2.4,3.09,3.53,3.29,3.04,3,2.89,3.05,3.63,3.74,3.44,3.03,3.1,3.62,4.27,3.93,4.44,5.61,6.15,6.1,5.53,5.2,4.12,3.14,2.58,-1.97,0.59,0.23,0.55,-0.32,0.18,0.1,0.78,0.19,-1.78,-4.7,-4.26,-5.15,-6.14,-6.66,-6.82,-5.57,-6.3,-6.57,-6.49,-7.4,-6.53,-5.72,-4.15,-4.55,-7.43,-7.83,-7.97,-8.61,-8.53,-8.02,-7.45,-6.67,-5.68,-4.67,-3.83
-0.72,0.83,2.16,2.21,1.68,0.74,0.27,0.15,0.47,0.53,0.51,0.46,0.57,1.26,1.5,1.5,2.01,2.82,3.44,3.8,4.18,4.53,4.3,4.19,4.6,4.52,4.13,4.33,4.68,4.56,3.79,3.46,3.7,3.49,3.39,2.87,2.35,3.01,4.02,4.85,5.45,5.3,5.24,4.37,3.22,-2.1,0.55,-0.76,-2.67,-0.19,0.76,1.26,1.73,0.92,0.03,0.2,-1.07,-2.2,-3.52,-4.45,-5.84,-6.84,-6.91,-7.28,-9.11,-8.11,-5.69,-5.33,-5.59,-5.38,-8.14,-10.07,-9.34,-7.89,-7.25,-6.98,-6.8,-6.5,-5.82,-5.03,-4.42
-1.1,0.13,1.51,2.4,2.78,2.65,2.26,1.98,1.94,1.58,1.42,1.6,1.24,1.22,1.95,2.15,2.36,2.64,3.35,4.45,5.1,5.38,5.32,4.83,4.75,4.52,4.49,4.89,4.81,4.35,3.61,3.05,2.93,2.76,2.22,2.65,2.78,2.88,2.69,2.44,3.56,4.6,5.74,5.54,2.95,0.73,-1.22,-0.63,-0.38,0.52,1.62,0.97,1.42,1.5,1.1,1.13,1.14,0.94,-0.06,-0.95,-2.02,-4.74,-7.17,-5.89,-5.89,-6.53,-6.1,-6.59,-6.7,-6.99,-8.2,-9.18,-7.37,-6.36,-5.97,-5.75,-5.38,-5.2,-5.24,-5.07,-4.57
-2.28,-0.84,0.86,1.6,2.17,2.56,2.39,1.96,2.34,2.79,3.09,3.5,3.68,4,4.11,4.19,3.97,3.29,3.19,3.32,3.92,5.19,5.81,5.79,5.27,4.84,5.3,4.75,3.42,3.04,3.25,3.07,3.1,2.63,1.93,1.66,1.59,1.47,1.41,1.53,2.04,2.83,3.59,4.85,3.04,2,-1.31,-0.29,-0.67,-0.06,1.79,1.26,2.28,3.24,3.82,4.41,3.45,2.31,1.15,-0.12,0.33,0.98,-1.92,-5.97,-7.01,-6.32,-5.87,-6.68,-8.73,-10.6,-10.38,-9.9,-8.86,-6.64,-5.22,-4.93,-5.02,-4.82,-4.76,-4.2,-3.95
-1.97,-1.73,-0.38,0.67,1.77,2.69,3.17,3.26,3.21,3.23,3.34,3.84,4.41,4.76,5.15,5.49,5.64,5.61,5.53,5.37,5.61,6.09,6.65,7.38,7.96,7.98,8.12,7.74,6.12,4.18,3.15,2.84,2.38,2.64,2.35,2,1.9,1.32,1.14,1.43,1.78,1.82,1.9,2.53,3.16,0.78,-2.36,0.89,3.24,1.3,2.38,3.55,4.95,5.56,6,5.13,3.82,2.77,1.44,0.85,-0.06,-0.15,-0.3,-2.8,-4.83,-8.17,-9.68,-8.52,-7.99,-8.82,-10.46,-10.41,-9.67,-8.88,-8.03,-7.1,-6.46,-6.07,-6.13,-6.11,-5.65
-2.77,-2.46,-1.18,0.37,1.77,3.21,3.73,3.77,4.03,4.11,4.17,4.49,5.03,5.72,6.3,6.55,6.5,6.21,6.34,6.34,6.56,7.13,7.51,7.96,8.53,9.15,9.39,9.31,8.73,7.32,5.21,3.72,2.38,1.78,1.62,1.45,1.55,1.71,1.64,1.19,0.63,0.45,0.2,0.26,-0.88,-0.45,-0.73,-0.93,2.78,3.99,4.59,5.05,5.46,5.8,5.8,5.52,4.37,3.4,2.51,1.63,0.45,1.21,0.44,-2.56,-6.55,-7.08,-7.47,-8.01,-7.48,-7.79,-8.59,-9.52,-9.46,-8.99,-8.67,-8,-7.35,-7.21,-6.86,-5.91,-4.95
-4.61,-3.53,-2,0.29,2.87,4.38,3.77,2.95,3.46,4.37,4.88,5.69,6.67,6.96,7.2,7.33,6.77,6.47,6.39,6.62,7.25,7.88,8.19,8.53,8.82,8.99,9.12,9.45,9.73,8.83,7.68,6.33,4.32,2.76,2.02,1.57,1.16,0.95,0.9,0.62,-0.47,-1.08,-0.89,-1.44,-2.19,-3.42,-1.26,1.39,3.88,3.84,5.1,5.89,6.04,6.07,5.64,5.24,5.51,5.04,4.16,2.75,0.83,0.37,-0.05,-1.92,-4.75,-7.94,-9.04,-9.02,-9.36,-9.58,-9.41,-9.59,-9.26,-9.08,-8.88,-8.57,-7.79,-6.76,-5.86,-5.07,-4.15
-4.98,-4.34,-2.73,-0.12,2.45,2.91,2.18,2.12,3,4.41,5.76,7.47,9.03,8.8,7.05,6.32,6.13,6.41,6.65,6.69,7.23,7.67,8.06,8.61,9.18,9.58,9.72,9.54,9.09,9,8.64,7.35,6.18,5.4,4.6,3.45,1.93,0.66,0.13,-0.27,-1.25,-2.57,-3.53,-4.26,-3.82,-3.73,-1.76,2.77,3.95,5.61,4.96,4.45,4.35,4.69,5.47,6.07,5.92,6.24,6.65,5.85,4.21,0.42,-3.79,-5.56,-6.9,-8.11,-10.78,-11.5,-10.79,-9.76,-9.18,-9.02,-8.68,-8.59,-8.41,-7.93,-7.31,-6.66,-5.97,-5.02,-3.79
-4.68,-3.98,-2.83,-1.4,-0.57,0.12,1.31,2.94,4.9,6.41,7.68,8.79,9.22,8.1,6.64,5.77,5.22,5.29,5.76,6.18,6.84,7.65,8.47,9.21,9.84,10.18,10.07,9.57,9,8.53,7.94,7.17,6.83,6.22,4.97,3.77,2.54,1.12,0.26,0.18,0.04,-0.55,-1.91,-3.42,-5.13,-1.53,-0.69,-1.71,0.71,4.03,4.83,3.16,3.78,5.8,7.52,8.39,8.91,9.18,8.53,6.98,4.54,1.87,-3.13,-7.55,-10.51,-11.72,-12.68,-14.34,-13.28,-10.92,-9.19,-8.64,-8.66,-8.32,-8.31,-8.58,-8.28,-7.3,-5.98,-4.44,-2.81
-4.36,-4.2,-3.83,-3.25,-1.49,1.89,4.88,6.25,6.82,7.48,7.46,7.03,6.06,5.12,4.75,4.76,5.28,6.09,6.87,7.7,8.63,9.56,10.44,11.26,11.86,12.06,11.82,11.15,10.2,9.08,8.02,7.38,6.49,4.9,4.47,4.4,3.45,1.72,0.25,0.04,0.45,0.75,0.3,-1.29,-5.94,-1.67,-1.27,1.82,3.3,4.49,5.31,6.49,7.74,8.32,7.5,7.67,8.99,9.64,9.7,7.76,5.07,1.93,-2.02,-8.51,-11.5,-14.22,-15.28,-15.4,-15.19,-13.53,-11.71,-9.58,-7.99,-7.94,-8.77,-9.2,-8.7,-7.37,-5.41,-3.08,-0.7
-4.39,-4.09,-3.77,-2.59,-0.21,2.35,5.24,7.07,7.51,7.13,5.78,4.36,3.3,3.25,3.94,5.12,6.35,7.23,8.03,9.04,10.22,11.43,12.63,13.49,14.03,14.25,13.98,13.14,12.02,10.76,9.32,7.76,6.49,5.91,4.67,2.75,2.05,1.94,0.63,-1.01,-0.83,0.11,0.01,-3.79,-5.84,-1.19,-1.8,-1.83,0.12,6.35,8.1,7.53,6.77,6.09,9.75,12.24,12.4,12.17,10.64,8.17,5.11,1.9,-1.38,-4.94,-10.86,-11.84,-14.52,-15.83,-15.06,-14.16,-13.61,-12.86,-10.99,-9.13,-8.7,-9.1,-8.85,-7.56,-5.46,-3.06,-0.86
-4.5,-4.2,-3.63,-2.28,-0.32,2.45,5.59,7.4,7,5.29,3.33,1.78,1.39,2.32,3.71,5.09,6.18,7.06,8.1,9.37,10.77,12.13,13.64,15.04,15.73,15.68,14.82,13.38,12.09,11.14,10.48,9.81,8.68,7.11,5.86,4.53,1.96,-0.35,-0.49,-1.46,-2.83,-1.77,-0.63,-3.67,-7.81,-3.83,-0.07,3.42,7.13,7.56,6.19,5.26,5.41,9.16,10.97,11.91,13.2,13.36,11.9,8.9,5.03,1.9,-1.18,-2.92,-9.17,-13.44,-15.19,-17.73,-16.74,-13.82,-12.33,-12.62,-12.91,-11.74,-10.16,-9.33,-8.7,-7.51,-5.73,-3.59,-1.31
-3.98,-4.43,-4.78,-2.94,-0.69,2.28,5.46,6.87,5.82,3.26,1.29,0.24,0.56,1.98,3.92,5.95,7.19,7.85,8.8,10.15,11.59,13.12,15,16.65,17.44,17.32,16.34,14.97,13.85,12.98,12.3,11.68,10.93,9.72,7.63,5.22,3.49,1.27,-2.39,-3.42,-4.62,-4.74,-3.33,-6.15,-4.28,-3.38,-0.51,2.54,5.47,5.94,4.07,4.32,7.5,7.89,10.51,14.37,14.48,14.15,13.4,10.21,5.31,1.23,-0.5,-2.45,-4.93,-12.44,-14.89,-16.26,-17.37,-16.05,-13.68,-12.41,-12.66,-13.11,-12.09,-10.36,-8.73,-7.12,-5.23,-2.95,-0.56
-3.93,-3.9,-5.11,-4.53,-1.77,1.04,4.27,5.64,4.04,1.16,-0.47,-0.78,0.04,1.63,3.95,5.84,6.39,6.7,7.78,9.32,10.96,13.01,15.31,17.43,18.91,19.22,18.23,16.87,15.48,14.54,14.19,13.71,12.62,10.93,8.94,6.88,4.29,1.82,-0.57,-4.38,-5.15,-7.28,-6.47,-7.3,-4.99,-2.44,1.43,2.8,3.62,4.17,4.69,7.57,6.8,7.49,13.04,15.87,14.05,13.4,13.51,11.18,6.21,1.35,-0.58,-2.56,-2.64,-8.52,-13.59,-14.79,-15.26,-14.91,-14.16,-13.75,-13.48,-13.16,-12.05,-10.46,-8.78,-7.15,-5.31,-3.05,-0.91
-4.06,-3.98,-5.26,-5.37,-4.02,-1.42,2.04,3.64,1.8,-0.79,-1.76,-1.53,-0.48,1.38,3.75,5.02,5.1,5.6,6.85,8.44,10.32,12.78,15.65,18.22,19.81,20.19,19.63,18.55,17.58,16.86,16.5,15.93,14.61,13.13,11.17,8.25,4.4,1.44,-0.64,-3.18,-6.5,-6.78,-13.07,-9,-2.56,-2.31,-0.37,1.84,4.22,5.54,6.18,5.71,4.16,6.99,13.96,15.84,13.54,12.6,12.78,10.99,6.32,1.06,-1.48,-3.92,-4.23,-5.6,-11.64,-12.96,-13.16,-13.03,-13.08,-13.22,-13.12,-12.69,-11.75,-10.47,-8.87,-7.14,-5.26,-3.81,-2.78
-5.71,-4.82,-5.68,-6.45,-5.64,-3.86,-0.87,0.68,-0.7,-2.21,-2.37,-1.72,-0.37,1.65,3.53,4.03,3.83,4.48,5.81,7.46,9.53,12.23,15.39,18.18,19.74,20.17,20.26,19.87,18.7,18.67,18.54,17.45,16.88,16.44,14.24,10.4,6.04,0.5,-3.82,-4.6,-7.51,-7.32,-13.04,-14.81,-2.8,0.33,1.74,4.39,4.48,6.21,6.62,5.66,6.71,11.32,14.34,13.18,11.85,12.01,12.22,10.08,5.87,0.75,-2.83,-4.77,-7.86,-7.27,-9.78,-11.22,-10.97,-11.06,-11.43,-11.72,-11.78,-11.45,-10.62,-9.44,-8.23,-7.1,-6.08,-5.01,-3.05
-7.92,-7.21,-6.8,-7.65,-7.81,-6.49,-3.87,-2.47,-2.84,-3.07,-2.71,-1.92,-0.49,1.46,3,3.35,3.2,3.69,4.84,6.49,8.53,11.22,14.64,17.78,19.4,19.65,20.02,20.18,18.96,18.93,18.71,17.93,18.14,17.98,16.11,12.05,6.36,0.13,-5.48,-6.5,-7.91,-8.39,-15.24,-7.86,-3.46,-7.95,-0.13,-0.05,4.61,7.53,8.21,10.31,11.65,11.31,10.83,10.16,10.6,11.72,11.24,9.11,5.13,0.85,-3.15,-5.91,-8.8,-11.27,-10.81,-11.02,-11.26,-11.41,-11.59,-11.41,-10.83,-10.09,-9.39,-8.85,-8.36,-7.7,-6.53,-4.36,-0.99
-7.86,-9.45,-9.18,-9.71,-11.61,-10.5,-7.38,-5.22,-4.27,-3.49,-2.84,-2.03,-0.61,1.23,2.65,3.16,3.27,3.58,4.32,5.59,7.43,10.02,13.5,16.98,18.94,18.9,18.71,19.04,18.68,18.84,18.67,17.91,17.42,17.16,16.4,12.26,6.13,0.34,-3.73,-5.63,-7.3,-7.95,-14.2,-13.21,-1.21,-1.64,0.08,3.72,7.34,10.08,13.15,13.51,11.44,10.26,9.61,9.56,10.41,10.46,9.32,8.01,5.55,1.48,-2.5,-6.29,-8.86,-11.22,-13.25,-13.45,-12.85,-12.52,-12.42,-11.97,-11.03,-9.92,-9.14,-8.68,-8.28,-7.42,-5.54,-2.33,1.49
-7.12,-9.24,-11.52,-14.62,-16.74,-13.79,-9.45,-6.68,-4.84,-3.53,-2.58,-1.64,-0.38,1.09,2.33,3.14,3.63,3.75,3.87,4.71,6.42,8.96,12.36,15.91,18.07,17.93,16.92,16.89,17.38,18.46,18.67,17.41,16.04,14.89,13.66,11.44,7.09,2.36,-0.75,-2.69,-3.79,-4.53,-12.39,-15.58,-5.22,0.21,3.11,7.43,10.26,12.14,13.03,11.79,10.49,9.73,9.38,9.2,9,8.6,8.01,7.05,5.64,3.42,-0.49,-5.24,-8.88,-10.82,-12.42,-13.87,-13.54,-12.81,-12.38,-11.71,-11.15,-10.47,-9.49,-8.84,-8.23,-6.47,-3.06,0.62,3.27
-7.62,-8.61,-9.17,-10.4,-11.78,-11.87,-9.63,-6.27,-4.03,-3.02,-2.11,-1.07,0.09,1.36,2.54,3.5,4.21,4.17,3.78,4.21,5.68,8.07,11.29,14.64,16.7,16.74,15.61,15,15.46,16.79,18.07,18.28,16.35,13.5,11.38,9.24,6.87,4.09,1.72,1.06,0.5,-1.47,-7.15,-12.18,-6.63,0.32,4.5,6.62,8.57,11.56,12.63,11.8,10.55,9.44,8.36,8.37,9.27,9.18,7.8,6.81,6.01,4.15,1.79,-1.54,-5.95,-10.12,-12.23,-13.18,-14.21,-13.45,-12.05,-11.57,-11.43,-11.33,-10.65,-8.72,-5.42,-2.09,0.44,2.52,4.4
-9.68,-9.83,-9.95,-9.93,-9.61,-9.08,-7.94,-6.05,-4.14,-2.92,-2.01,-0.82,0.53,1.8,2.78,3.67,4.36,4.56,4.33,4.41,5.37,7.26,10.01,13.02,14.99,15.19,14.57,14.19,14.45,15.44,16.68,17.32,17.14,15.42,12.09,9.21,7.39,5.9,3.67,2.35,1.24,-2.53,-5.72,-8.29,-4.72,0.14,2.35,5.42,8.8,9.51,9.66,11.22,11.34,9.86,8.32,7.91,8.33,8.52,7.24,4.98,4.19,3.6,1.82,-0.3,-1.47,-3.39,-6.78,-11.25,-14.12,-13.84,-13.37,-13.34,-12.53,-9.86,-6.27,-3.29,-1.27,0.41,2.32,4.43,6.56
