gfs.json
{"header": {"discipline":0,"disciplineName":"Meteorological products","gribEdition":2,"gribLength":131256,"center":7,"centerName":"US National Weather Service - NCEP(WMC)","subcenter":0,"refTime":"2014-07-03T12:00:00.000Z","significanceOfRT":1,"significanceOfRTName":"Start of forecast","productStatus":0,"productStatusName":"Operational products","productType":1,"productTypeName":"Forecast products","productDefinitionTemplate":0,"productDefinitionTemplateName":"Analysis/forecast at horizontal level/layer at a point in time","parameterCategory":2,"parameterCategoryName":"Momentum","parameterNumber":3,"parameterNumberName":"V-component_of_wind","parameterUnit":"m.s-1","genProcessType":2,"genProcessTypeName":"Forecast","forecastTime":6,"surface1Type":103,"surface1TypeName":"Specified height level above ground","surface1Value":10,"surface2Type":255,"surface2TypeName":"Missing","surface2Value":0,"gridDefinitionTemplate":0,"gridDefinitionTemplateName":"Latitude_Longitude","numberPoints":65160,"shape":6,"shapeName":"Earth spherical with radius of 6,371,229.0 m","gridUnits":"degrees","resolution":48,"winds":"true","scanMode":0,"nx":360,"ny":181,"basicAngle":0,"subDivisions":0,"lo1":0,"la1":90,"lo2":359,"la2":-90,"dx":1,"dy":1}, "data":
[rows 111 to 147 of 181, columns 252 to 335 of 360]
1.44,1.87,2.33,2.59,2.66,2.68,3.13,3.75,4.26,4.83,5.26,5.31,4.9,4.28,4.15,4.62,5.03,4.76,3.7,2.47,1.85,1.87,2.1,0.94,-0.03,0.44,0.21,0.32,1.6,2.48,3.15,4.33,4.81,5.15,5.07,4.47,4.66,3.72,2.53,-2.75,-2.2,-6.12,-5.78,-3.33,-0.49,0.94,0.81,0.12,-3.11,-5.3,-5.02,-5.13,-4.25,-4.18,-3.64,-2.51,-2.11,-2.39,-1.98,-1.58,-1.01,-0.98,-0.27,0.45,-0.2,-0.19,1.37,0.94,-0.42,-2.21,-0.61,0.16,-0.03,-1.15,-1.14,-0.84,-0.1,-0.06,-1.54,-1.91,-1.34,-0.43,-1.54,-1.62
1.29,2.16,2.72,2.95,3.28,3.17,3.33,3.65,4.05,4.36,4.55,4.95,5.22,5.35,5.23,4.91,4.91,5.16,5.11,4.71,3.4,1.19,0.33,0.82,0.52,0.18,0.48,0.82,1.6,2.36,2.37,3.3,4.78,5.14,5.15,5.12,5.28,5.49,-2.06,-6.65,-2.78,-7.7,-5.86,-5.24,2.16,2.74,1.78,-1.63,-1.7,-4.82,-5.43,-4.74,-5.36,-3.34,-2.94,-2.29,-2.67,-3,-2.27,-1.64,-1.96,-0.89,-1.09,0.11,1.1,-1.17,-0.76,-0.12,0.59,-0.79,-0.23,0.39,-0.5,-1.57,-2.85,-2.31,-0.82,-0.58,-2.35,-2.69,-1.51,-0.74,-1.15,-1.14
0.29,0.84,1.36,1.87,2.38,3.08,3.65,4.17,4.48,4.68,4.64,4.57,4.81,4.75,4.69,4.65,4.7,4.78,4.27,3.4,2.97,2.79,1.76,-0.23,-0.66,-0.5,-0.69,-0.95,0.23,1.69,2.8,3.85,4.65,5.15,5.22,5.4,5.88,6.83,-1.3,0.51,1.82,-6.38,-6.97,-3.93,0.4,2.01,1.25,-1.1,-2.66,-3.56,-4.42,-3.56,-4.29,-4.37,-2.91,-2.47,-3.15,-2.43,-2.49,-2.51,-1.02,-1.01,0.22,0.37,0.54,1.22,-0.87,-0.56,0.9,1.72,2.2,1.97,1.42,0.86,-1.93,-3.71,-1.9,-2.81,-3.7,-3.58,-2.22,-1.13,-0.67,-0.6
0.63,1.55,2.15,3.03,3.82,4.44,4.99,5.73,6.11,6.19,6.45,6.56,7.04,7.14,7.34,7.1,5.67,3.93,2.72,3.08,2.63,1.43,1.12,1.24,-0.62,-2.37,-2.9,-1.95,-0.66,1.03,2.26,3.16,4.45,4.71,4.78,4.99,5.5,6.36,-2.24,0.06,-3.5,-1.37,-5.13,2.56,3.28,4.15,2.88,0.77,-3.04,-2.27,-4.63,-3.81,-2.54,-3.52,-3.19,-2.98,-2.92,-3.19,-2.3,-2.59,-2.31,-0.51,0.37,-2.09,-2.17,-1.34,-1.2,-0.22,1.08,2.16,2.53,2.32,1.9,0.63,-0.91,-2.85,-3.8,-5.42,-5.2,-3.95,-2.4,-1.12,-0.56,-0.09
1.27,2.2,2.35,3.14,3.82,4.77,5.4,5.39,5.6,5.99,6.31,6.52,7.02,7.67,8.29,8.77,9.19,9.01,6.88,2.67,0.78,1.29,0.69,-0.15,-0.66,-3.22,-3.71,-2.31,-0.77,0.59,1.42,3.07,3.87,4.18,4.06,4.12,4.85,6.42,-7.69,-6.32,-4.31,-4.84,-1.3,1.59,4.65,3.38,3.06,2.95,-2.85,-2.27,-4.42,-4.39,-3.48,-4.02,-4.14,-4.01,-4.04,-3.61,-2.29,-1.68,-0.46,-3.4,-4.77,-4.47,-2.87,-2.06,-1.54,-0.59,0.57,1.53,2.46,3.03,3.11,2.12,-0.43,-2.51,-4.16,-6.08,-5.63,-4.28,-3.27,-2.68,-2.22,-1.47
1.36,2.08,2.78,3.29,4.14,4.98,5.16,5.45,5.72,5.99,6.25,6.69,7.34,7.93,8.5,9.09,9.5,9.63,9.61,9.37,6.01,0.31,-1.17,-1.05,-2.16,-2.91,-3.31,-3.23,-1.77,-0.61,0.94,2.28,2.61,3.36,3.66,3.4,3.8,4.03,-1.51,-4.03,-6.45,-5.38,-4.87,2.12,5.03,3.48,3.18,3.55,1.19,-3.02,-2.28,-3.56,-3.34,-3.11,-3,-3.4,-2.9,-2.36,-2.52,-1.19,-5.71,-6.38,-6.06,-5.38,-4.19,-3.12,-2.28,-1.12,-0.22,0.59,1.46,2.31,3.07,3.74,2.23,-1.78,-4.14,-6.24,-6.26,-5.16,-4.46,-3.68,-2.4,-1.14
1.34,1.22,2.32,3.29,4.37,4.95,5.16,5.31,5.52,5.91,6.33,6.95,7.56,8.08,8.66,9.32,9.99,10.37,10.41,10.24,10.1,7.46,0,-3.1,-2.67,-2.75,-3.99,-4.16,-1.7,-1.46,-0.57,0.19,1.61,2.77,3.13,2.89,2.92,2.18,-3.39,-7,-7.16,-6.16,-1.81,3.09,4.26,3.84,3.98,3.51,3.41,0.72,-2.23,-1.74,-2.01,-3.15,-3.13,-2.58,-3.52,-2,-1.67,-0.89,-6.72,-6.8,-6.62,-5.51,-4.44,-3.4,-2.03,-0.63,-0.26,-0.46,-0.28,0.49,1.26,2.17,2.54,0.57,-2.85,-6.89,-7.11,-5.97,-5.02,-3.97,-2.65,-0.87
0.95,0.3,2.2,3.16,4.4,4.74,4.8,4.78,5.12,5.74,6.32,6.82,7.4,7.99,8.4,9.04,9.94,10.88,11.49,11.82,11.93,11.28,6.83,-1.93,-4.16,-3.58,-5.11,-4.45,-3.43,-4.06,-2.61,-0.88,0.24,1.75,3.04,3.25,2.65,0.2,-2,-8.26,-2.65,3.71,-1.29,2.76,3.87,4.34,3.92,3.73,2.83,2.68,1.68,-0.9,-2.09,-0.98,-2.2,-3.36,-2.56,-2.09,-2.26,-1.82,-9.81,-8.42,-7.05,-5.88,-4.87,-3.25,-1.75,-0.35,0.44,0.23,-1.22,-1.57,-0.52,0.38,0.94,0.77,-1.7,-6.44,-8.05,-7.03,-6.33,-5.24,-3.27,-1.91
0.21,-0.56,1.78,2.81,4.07,4.04,3.93,3.97,4.62,5.26,5.75,6.24,6.92,7.4,7.9,9.11,10.54,11.9,12.7,13.05,13.34,13.43,12.44,5.91,-5.53,-4.94,-6.13,-5.96,-6,-5.99,-4.71,-2.61,-1.23,0.23,2.51,3.75,3.26,-3.29,-4.03,-3.81,0.5,-0.05,2.58,-2.17,2.34,5.76,4.42,3.07,2.7,2.31,2.19,2.5,0.22,-3,-3.28,-2.47,-2.06,-2.37,-0.91,-2.68,-9.32,-8.76,-7.14,-6.65,-5.11,-3.43,-2.25,-1.12,-0.13,0.42,-0.04,-1.87,-1.86,-1.01,-0.33,-0.52,-1.21,-5.56,-9.16,-8.19,-7.15,-5.57,-4.1,-2.96
-0.6,-1.24,1.21,2.42,3.24,3.12,3.02,3.31,3.95,4.68,5.16,5.84,6.29,6.91,8,9.24,10.71,11.87,12.81,13.66,14.33,14.85,14.75,14.53,4.91,-6.19,-7.32,-8.17,-8.05,-7.61,-6.21,-4.64,-3.11,-1.65,1.06,3.74,3.26,-0.77,-3.36,-1.35,-0.74,-0.95,-0.3,-1.08,4.21,5.72,5.33,4.97,2.83,1.89,1.64,1.32,1.35,2.36,1.23,-0.45,-1.13,-0.35,0.03,-2.52,-6.02,-8.51,-7.69,-6.7,-4.9,-3.42,-2.22,-1.1,-0.44,-0.06,-0.34,-0.69,-1.18,-1.49,-1.28,-2.17,-1.8,-5.66,-9.83,-8.77,-7.68,-6.38,-4.99,-4.14
-2.4,-2.2,0.05,1.21,1.87,2.27,2.27,2.6,3.3,4,4.64,5.42,6.12,7.29,7.98,9.11,10.23,10.98,11.97,12.89,13.78,14.57,15.07,15.33,15.09,10.56,-2.67,-10.85,-9.68,-9.35,-8.52,-7.1,-5.72,-3.75,-0.62,2.33,4.57,-3.16,-2.66,-1.36,-4.11,-6.52,-3.98,-1.7,2.49,3.04,3.99,4.5,3.77,2.69,2.96,2.57,1.78,1.16,-0.35,-0.41,0.59,-0.36,-2.84,-4.11,-6.46,-7.92,-7.12,-5.68,-4.14,-2.78,-1.66,-0.68,-0.03,-0.42,-1.52,-2.02,-1.84,-1.76,-1.76,-3.13,-3.57,-5.72,-10.67,-9.74,-9.15,-7.6,-6.46,-4.98
-4.29,-3.4,-1.3,-0.02,0.4,1.05,1.32,1.82,2.55,3.21,4.13,5.15,6.19,7.04,7.59,8.36,9.35,10.53,11.64,12.35,12.93,13.68,14.33,14.93,15.31,15.27,14.44,-0.46,-11.9,-10.7,-9.69,-8.8,-7.74,-6.19,-2.69,0.88,3.61,-1.9,-2.26,-4.67,-0.79,-3.64,-2.45,-2.81,0.44,2.82,3.15,3.24,3.39,2.72,2.6,2.96,2.49,1.84,1.34,1.06,1.6,0.22,-1.8,-2.84,-4.85,-5.83,-5.3,-4.24,-3.04,-1.99,-1.09,-0.67,-0.67,-0.44,-1.21,-2.25,-2.83,-2.47,-2.96,-3.71,-4.53,-6.02,-11.21,-11.05,-8.74,-7.61,-7.67,-5.71
-5.1,-5.03,-3.37,-2.19,-0.68,-0.24,0.46,1.17,1.74,2.6,3.72,4.85,5.81,6.36,6.94,7.54,8.61,9.62,10.25,10.98,11.96,12.84,13.47,14.02,14.58,15.07,15.64,15.01,1.33,-11.62,-10.05,-9.35,-8.96,-7.95,-4.88,-1.3,2.02,-1.82,-1.52,-2.08,-2.12,-5.17,-5.49,-4.81,-1.14,1.7,2.47,2.87,2.46,2.11,2.07,1.92,1.36,1.58,0.5,0.62,1.01,-0.64,-1.46,-2.59,-3.61,-3.97,-3.64,-2.94,-2.22,-1.75,-1.35,-0.69,-0.78,-1.08,-2.03,-2.64,-3.52,-3.36,-3.21,-2.99,-3.76,-6.79,-11.47,-12.04,-9.83,-9.42,-7.92,-6.71
-5.73,-5.98,-5.13,-3.57,-1.34,-1.25,-0.55,0.4,1.16,2.03,3.05,4.2,5.21,5.69,5.93,6.61,7.48,8.15,8.99,10.09,11.22,12.32,13.24,13.79,14.04,14.52,14.93,14.98,14.79,-0.77,-10.69,-9.47,-10.31,-9.58,-6.91,-3.67,-0.92,-1.4,-2.49,-3.23,-0.96,-4.38,-4.08,-2.95,-1.33,0.35,1.49,1.99,1.88,1.5,1.86,1.95,1.35,0.15,-0.69,-1.11,-1.39,-1.93,-2.63,-3.14,-3.3,-3,-2.42,-1.51,-1.14,-1.35,-2.04,-2.14,-1.83,-1.87,-3.14,-3.77,-4.12,-4.19,-3.51,-3.71,-3.39,-9.13,-12.7,-12.59,-10.9,-9.38,-8.55,-7.84
-6.46,-7.18,-6.65,-4.86,-2.48,-2.57,-1.42,-0.51,0.32,1.24,2.3,3.41,4.39,4.83,5.21,6.08,6.79,7.54,8.54,9.73,10.76,11.79,12.84,13.84,14.31,14.2,14.3,14.49,14,12.42,-6.89,-9.91,-11.32,-10.81,-8.82,-5.77,-2.31,-1.48,-2.88,-1.75,-3.48,-4.74,-5.59,-3.44,-1.82,-0.18,1.05,1.61,1.97,2.07,1.23,0.29,0.78,0.99,0.95,-2.44,-3.44,-3.23,-3.33,-3.38,-2.7,-1.42,-0.56,-0.52,-1.22,-1.11,-1.77,-1.86,-1.49,-2.37,-2.8,-3.22,-4.4,-4.82,-4.4,-4.11,-6.85,-12.02,-12.48,-11.77,-9.82,-9.37,-9.75,-8.79
-6.85,-8.07,-7.81,-6.34,-3.71,-3.95,-2.61,-1.65,-0.59,0.45,1.51,2.49,3.41,4.53,5.34,6.1,6.82,7.58,8.25,9.05,10.22,11.19,12.13,12.99,13.88,14.26,13.71,13.33,13.06,12.03,7.51,-11,-11.93,-12.27,-10.49,-7.57,-3.21,-2.47,-2.35,-4.33,-8.71,-9.39,-6.45,-3.89,-1.78,-0.95,-0.29,0.32,0.83,1.18,1.55,1.42,0.37,-0.62,-1.08,-2.17,-3.92,-4.06,-4.05,-3.59,-2.2,-1.3,-1.26,-0.35,-0.36,-0.85,-1.93,-1.92,-1.8,-3.13,-1.95,-1.67,-4.3,-5.22,-5.27,-6.67,-9.86,-11.17,-10.47,-10.19,-9.62,-9.81,-9.88,-8.96
-7.24,-8.47,-8.69,-7.6,-5.59,-5.39,-4.09,-2.81,-1.64,-0.27,0.98,2.03,3.12,4.27,5.11,6.12,7.14,8.25,8.93,9.17,9.98,10.7,11.55,12.39,12.75,13.55,13.17,12.53,12.34,11.38,10.8,-0.07,-14.03,-14.07,-12.49,-5.67,-5.07,-3.65,-1.94,-2.48,-5.9,-11.12,-7.23,-3.91,-2.39,-1.76,-0.82,-0.66,-0.29,-0.06,0.04,0.5,0.92,0.38,-1.49,-2.95,-4.49,-4.66,-4.35,-3.55,-2.84,-3.42,-1.96,-0.31,-0.3,-0.89,-1.95,-2.87,-2.89,-3.09,-1.6,-0.24,-4.89,-6.07,-6.23,-8.45,-11.19,-11.21,-11.33,-10.24,-10.05,-10.94,-10.38,-9.47
-8.41,-9.05,-9.23,-8.29,-7.84,-7.15,-5.54,-3.95,-2.71,-1.41,0.22,1.69,2.67,3.38,4.58,5.86,7.02,8.08,8.8,9.3,9.62,10.09,11.22,11.89,12.11,12.99,12.62,11.28,11.54,11.81,8.92,9.81,-11.69,-14.95,-15.28,-4.66,-4.58,-1.25,-1.9,-1.4,-4.45,-8.97,-6.96,-3.51,-2.24,-2.26,-1.11,-0.9,-0.69,-0.03,0.28,0.3,0.74,-0.19,-1.41,-3.31,-4.62,-4.85,-4.36,-3.31,-4.99,-4.03,-2.11,-0.95,-0.83,-1.6,-2.84,-3.28,-3.49,-3.19,-2.42,-0.33,-6.13,-7.03,-6.95,-10.74,-11.93,-11.35,-10.85,-11.87,-10.61,-11.59,-10.94,-10.16
-9.54,-9.86,-10.09,-9.41,-9.1,-8.32,-6.91,-5.16,-3.7,-2.5,-1.03,0.63,2.1,3.28,4.53,6.05,7.4,8.52,9.44,9.6,9.67,10.38,10.97,11.45,11.93,12.54,11.88,10.78,11.05,11,10.87,9.53,1.75,-17.91,-16.48,-5.43,-3.3,-1.68,-2.68,-3.18,-5.29,-7.03,-5.47,-3.56,-2.65,-2.92,-2.76,-0.46,0.71,0.61,-1.1,-2.95,-2.63,-1.89,-3.03,-4.41,-4.92,-4.78,-4.63,-4.44,-6.02,-3.88,-2.71,-1.23,-1.64,-2.59,-2.99,-2.42,-2.94,-3.58,-3.53,-3.09,-7.32,-5.65,-8.18,-11.61,-11.98,-12.32,-12.68,-14.04,-11.89,-12.03,-11.26,-10.31
-10.47,-10.98,-11.11,-10.35,-10.19,-9.55,-8.17,-6.44,-4.81,-3.47,-1.96,-0.07,1.59,3.24,4.78,6.44,7.87,8.73,9.2,9.74,10.5,10.83,11.05,11.73,11.59,11.61,11.56,10.27,10.73,10.64,11.28,9.18,10.96,-16.37,-16.68,-5.86,-2.93,-2.66,-1.85,-3.93,-5.6,-5.64,-4.4,-4.15,-3.7,-3.22,-2.44,-0.67,0.89,0.61,-1.38,-3.39,-6.46,-5.9,-5.44,-6.44,-6.21,-5.32,-5.74,-5.76,-6.67,-4.64,-3.38,-2.5,-3.03,-2.68,-2.23,-2.24,-3.42,-5.04,-5.05,-4.87,-7.19,-7.75,-10.4,-11.02,-11.79,-12,-11.56,-11.68,-12.44,-12.14,-11.5,-10.78
-11.22,-12,-12.05,-11.3,-10.8,-10.56,-9.32,-7.72,-6.01,-4.41,-2.77,-0.63,1.18,2.77,4.4,5.88,7.12,7.92,8.93,9.69,10.29,10.48,10.97,11.58,11.22,11.55,11.51,10.06,10.24,10.61,9.71,8.76,10.39,-5.55,-16.83,-6.73,-2.62,-3.59,-4.85,-4.3,-2.76,-3.99,-5.9,-6.62,-5.8,-3.53,-0.36,1.88,2.43,0.17,-2.74,-5.16,-7.84,-8.96,-8.03,-8.44,-7.82,-6.53,-6.18,-6.14,-7.17,-4.85,-3.53,-3.55,-4.1,-3.77,-2.51,-1.95,-3.31,-6.03,-6.83,-6.46,-7.16,-8.95,-11.04,-11.71,-11.71,-11.44,-11.05,-10.85,-11.72,-12.42,-12.06,-11.07
-11.98,-12.64,-12.8,-12.24,-11.42,-10.93,-10.04,-8.83,-7.16,-5.5,-3.61,-1.35,0.44,2.08,3.65,4.95,6.26,7.5,8.6,9.09,9.31,9.59,10.26,10.79,10.82,11.59,11.2,10.3,11.18,10.63,8.55,7.98,6.6,3.62,-12.18,-10.94,-2.54,-3.97,-6.51,-5.84,-5.34,-5.02,-4.96,-8.14,-6.44,-2.07,1.46,4.05,3.44,0.73,-1.68,-5.22,-8.43,-9.69,-9.56,-10,-8.86,-7.81,-5.68,-6.62,-6.91,-4.88,-3.72,-5.13,-5.69,-3.25,-1.67,-2.15,-4.05,-7.08,-7.78,-6.62,-7.61,-9.46,-10.47,-11.25,-11.55,-11.11,-10.76,-10.72,-10.84,-12.47,-12.27,-11.2
-12.78,-12.83,-13.25,-12.77,-12.21,-11.3,-10.72,-9.53,-8.01,-6.26,-3.93,-1.68,0.05,1.42,2.74,4.26,5.75,6.95,7.69,8.36,8.67,9.08,9.61,9.9,10.14,10.82,10.81,10.45,11.81,12.22,9.34,8.07,4.99,5.84,-7.56,-11.95,-2.46,-5.03,-5.38,-4.85,-1.37,-1.28,-4.88,-5.54,-3.68,-0.42,3.45,4.99,2.62,1.71,-0.51,-5.42,-7.91,-9.36,-10.5,-10.29,-8.56,-7.37,-4.5,-7.16,-6.84,-5.34,-5.16,-6.91,-5.6,-3.16,-2.36,-3.33,-5.65,-8.11,-8.05,-7.66,-9.05,-10.45,-11.21,-11.39,-10.98,-10.93,-11.2,-11.28,-11.02,-11.16,-11.73,-11.26
-14.69,-13.73,-13.96,-13.66,-13.13,-11.98,-11.42,-10.15,-8.36,-6.07,-3.78,-1.54,0.06,1.11,2.12,3.39,4.78,6.15,6.96,7.53,8.2,8.64,8.8,8.76,8.87,9.63,10.24,10.29,11.42,12.85,11.99,10.77,5.58,7.57,-12.66,-6.93,-3.55,-6.78,-6.36,-3.83,-3.13,-4.26,-4.25,-4.5,-3.12,0.32,3.7,1.87,1.58,1.89,0.78,-1.76,-5.85,-8.22,-8.67,-8.43,-7.98,-7.63,-6.31,-8.12,-6.59,-5.19,-6.54,-7.64,-5.99,-3.56,-2.5,-3.5,-5.86,-8.08,-7.97,-8.39,-9.81,-10.61,-11.44,-11.82,-11.64,-11.45,-11.15,-10.86,-10.28,-9.99,-10.14,-9.7
-14.56,-14.46,-14.57,-14.44,-14.04,-12.86,-11.94,-10.64,-8.43,-6.12,-3.82,-1.58,0.02,1.2,2.03,3,4.14,5.26,6.22,6.89,7.66,8.32,8.54,8.13,7.82,8.33,9.5,9.83,10.17,11.63,12.37,13.27,9.1,6.43,-4.6,-4.74,-3.71,-7.44,-7.85,-5.45,-5.04,-7.34,-5.98,-5.18,-3.11,0.26,2.79,0.3,0.17,-0.32,-1.44,-2.23,-3.44,-5.43,-7.04,-8.04,-8.72,-7.51,-8.09,-7.91,-6.12,-5.33,-7.48,-8.33,-6.93,-4.7,-3.54,-3.92,-5.62,-7.46,-7.84,-8.65,-9.95,-10.77,-10.71,-10.48,-10.52,-10.4,-10.31,-10.04,-9.4,-8.75,-8.47,-7.93
-14.46,-14.36,-14.71,-14.91,-14.65,-13.53,-11.67,-10.35,-8.3,-6.22,-3.86,-1.63,0.15,1.55,2.42,3.12,3.84,4.7,5.93,6.53,7.09,7.7,8.07,7.63,6.83,6.79,7.8,8.78,9.27,10.6,11.78,12.72,12.11,5.25,-2.15,-2.46,-1.98,-5.78,-9.98,-7.7,-5.39,-6.46,-8.58,-6.72,-3.67,-1.2,1.7,-0.01,-1.8,-1.31,-0.79,-1.19,-2.55,-4.09,-5.28,-6.35,-7,-7.85,-7.38,-6.11,-5.17,-4.32,-5.47,-7.47,-7.41,-6.12,-4.63,-4.64,-5.79,-6.91,-7.97,-9.12,-10.07,-10.47,-10.44,-10.2,-10.32,-10.23,-9.88,-9.49,-9.17,-8.64,-7.95,-7.52
-14.36,-14.24,-14.53,-14.97,-14.8,-13.64,-11.68,-9.99,-8.4,-6.36,-4.08,-1.87,0.1,1.54,2.53,3.43,4.1,4.6,5,5.64,6.08,6.68,7.19,7.31,5.96,4.84,6.02,6.95,7.76,9.03,10.6,11.57,13.18,0.64,-5.68,-3.08,-6.19,-6.08,-5.8,-5.06,-6.64,-6.67,-8.36,-7.86,-5.67,-3.49,-0.28,-0.43,-2.81,-2.89,-1.82,-1.15,-1.25,-1.58,-4.56,-6.04,-6.69,-6.87,-6.2,-5.15,-3.76,-3.01,-3.39,-5.51,-7.35,-7.03,-6.13,-5.71,-6.29,-7.32,-8.51,-9.52,-10.45,-10.76,-10.46,-10.39,-10.37,-10.32,-10.44,-10.35,-9.93,-9.13,-7.99,-7.03
-14.56,-14.91,-15.69,-16.2,-15.62,-13.96,-12.44,-10.5,-8.65,-6.31,-4.13,-2.28,-0.71,0.82,1.88,2.34,2.71,3.35,4.29,5.38,5.35,5.78,7.26,7.48,7.11,4.59,3.25,4.61,5.85,7.34,8.78,10.11,12.3,2.04,-2.54,-0.8,-2.66,-8.13,-8.82,-7.73,-7.77,-9.46,-9,-8.36,-7.72,-5.88,-2.77,-1.04,-2.49,-3.94,-4,-3.51,-3.04,-1.66,-2.18,-5.53,-7.33,-7.15,-6.12,-4.95,-3.63,-2.53,-2.4,-3.46,-6.49,-8.07,-7.4,-6.97,-6.89,-7.31,-7.74,-7.83,-7.5,-7.74,-8.7,-9.47,-9.7,-9.9,-10.19,-10.33,-10.1,-9.43,-8.31,-7.15
-14.16,-14.97,-15.61,-15.48,-14.46,-13.79,-12.24,-10.46,-8.3,-6.01,-4,-2.37,-1.05,-0.06,0.78,1.68,2.63,3.71,4.56,4.88,5.07,4.92,5.56,5.33,6.13,5.23,1.11,1.51,2.94,4.94,7.06,8.59,11.45,2.25,-1.08,-2.75,-6.98,-6.46,-7.24,-3.79,-5.24,-8.99,-10.38,-10.28,-9.12,-7.61,-5.24,-2.69,-1.9,-3.25,-5.03,-5.45,-4.97,-4.08,-2.78,-4.41,-7.19,-6.9,-6.22,-5.26,-3.43,-1.9,-1.64,-2.46,-5.28,-7.04,-7.34,-7.49,-7.74,-7.94,-8.59,-9.84,-10.93,-11.04,-10.43,-10.14,-10.09,-9.98,-9.68,-9.44,-9.3,-9.18,-8.8,-7.9
-13.2,-13.81,-15.36,-15.63,-14.63,-13.73,-12.11,-10.12,-7.65,-5.38,-3.48,-2.05,-0.84,0.28,1.25,2.1,3.85,4.47,4.66,4.98,5.04,5.47,6.08,6.57,6.48,6.75,3.24,0.16,0.47,2.16,4.49,6.42,8.65,6.84,-3.92,1.06,-1.43,-6.05,-4.75,-3.99,-5.62,-9.68,-11.98,-11.81,-10.69,-8.94,-7.03,-5.32,-3.86,-3.67,-4.72,-5.89,-5.92,-5.44,-4.94,-5.29,-6.45,-6.91,-6.51,-5.63,-4.44,-3.09,-2.05,-1.69,-2.33,-3.91,-5.64,-6.89,-7.65,-8.21,-8.78,-9.19,-9.33,-9.46,-9.46,-9.3,-9.13,-8.97,-8.85,-8.78,-8.64,-8.44,-8.23,-7.95
-12.89,-14.84,-14.64,-13.88,-13.89,-13.22,-11.26,-8.94,-6.95,-5.03,-3.35,-1.9,-0.81,0.07,1.1,2.89,4.12,4.56,4.96,5.7,6.02,6.24,5.48,6.5,6.85,6.53,6.01,3.61,1.2,-0.1,1.08,3.78,5.03,7.03,1.97,-0.61,0.08,-1.4,-3.81,-5.24,-9.2,-10.79,-11.75,-11.92,-11.99,-10.97,-9.04,-7.32,-5.86,-5.34,-5.27,-5.99,-6.16,-6.12,-6.01,-6.11,-6.9,-8.12,-8.21,-7.67,-6.77,-5.59,-4.35,-3.06,-2.47,-2.82,-4.02,-5.55,-6.94,-7.87,-8.39,-8.74,-8.79,-8.85,-9.03,-9.08,-8.89,-8.52,-8.14,-7.84,-7.6,-7.32,-6.95,-6.52
-13.89,-13.33,-13.26,-13.53,-12.83,-10.94,-9.27,-7.87,-6.38,-4.89,-3.61,-2.58,-1.64,-0.2,1.25,2.19,3.46,4.85,5.77,6.63,7.63,7.45,7.16,7,6.32,6.17,5.94,6.29,5.39,2.72,-0.07,0.32,2.4,3.75,3.18,-0.53,-3.08,-2.64,-2.07,-3.7,-7.87,-10.13,-11.25,-11.47,-11.61,-11.61,-10.87,-8.97,-5.87,-4.97,-5.61,-6.84,-7.04,-7.07,-7.2,-7.24,-7.21,-7.51,-7.82,-8.04,-7.85,-7.33,-6.68,-5.98,-4.81,-3.66,-3.71,-4.92,-6.15,-6.92,-7.31,-7.67,-8.02,-8.2,-8.14,-7.95,-7.86,-7.79,-7.6,-7.31,-7.06,-6.91,-6.75,-6.55
-11.8,-11.93,-11.84,-10.83,-9.86,-8.97,-7.87,-6.72,-5.6,-4.5,-3.45,-2.33,-1.12,-0.24,0.52,2.3,4.44,5.58,6.08,6.88,7.32,7.72,8.04,7.81,7.47,7,6.76,6.64,6.49,5.33,2.3,-0.72,-0.28,0.69,2.29,1.39,0.14,-4.11,-5.15,-4.07,-6.35,-8.63,-9.86,-11.44,-12.03,-11.92,-11.48,-10.8,-9.48,-7.99,-7.34,-7.5,-7.82,-7.89,-8.16,-7.82,-7.48,-7.37,-7.44,-7.56,-7.63,-7.49,-7.22,-7.05,-6.87,-6.3,-5.4,-4.82,-4.92,-5.37,-5.86,-5.99,-6.01,-6.33,-6.48,-6.37,-6.11,-5.82,-5.58,-5.49,-5.53,-5.68,-5.76,-5.64
-8.9,-8.96,-8.96,-8.73,-8.17,-7.38,-6.64,-5.84,-5.06,-4.2,-3.17,-2.2,-1.31,0.47,2.25,2.82,3.34,4.41,5.83,6.79,7.32,7.97,8.22,8.09,7.57,6.94,6.38,6.01,5.87,5.79,4.95,2.49,-0.7,-1.59,-1.88,-1.62,0.99,0.15,-4.08,-2.54,-2.31,-5.59,-8.35,-9.52,-10.83,-11.96,-12.03,-11.6,-10.82,-9.6,-8.49,-8.45,-8.88,-8.78,-8.65,-8.49,-8.3,-8.15,-7.89,-7.57,-7.34,-7.02,-6.78,-6.66,-6.61,-6.66,-6.67,-6.59,-6.33,-6.03,-5.12,-3.14,-4.76,-6.95,-6.8,-6.43,-6.08,-5.88,-5.59,-5.15,-4.77,-4.69,-4.82,-4.79
-7.4,-7.3,-7.15,-6.89,-6.46,-5.9,-5.38,-4.86,-4.4,-3.92,-3.42,-2.32,-0.07,1.44,1.71,2.14,2.99,4.35,5.63,6.67,7.36,7.85,8.41,8.76,8.7,8.06,7.02,5.97,5.03,4.21,3.79,3.55,2.15,-1.28,-3.55,-4,-3.25,-2.16,-4.8,-4.69,-5.06,-7.34,-9.06,-12.08,-13.15,-13.35,-13.44,-12.92,-12.02,-10.97,-9.89,-9.62,-10.49,-10.09,-9.89,-10.09,-9.98,-9.73,-9.4,-8.91,-8.42,-8.02,-7.44,-6.9,-6.33,-5.57,-5.07,-4.85,-4.71,-4.62,-4.9,-6.04,-3.17,-1.69,-2.99,-3.49,-3.72,-4.29,-4.86,-5.04,-4.77,-4.4,-4.31,-4.42
-5.78,-5.74,-5.61,-5.46,-5.37,-5.23,-5.02,-4.6,-3.98,-3.3,-2.13,-0.68,0.13,0.65,1.52,2.57,3.77,4.97,6.12,7.36,8.53,9.48,9.81,9.91,9.69,9.21,8.53,7.43,6.02,4.64,3.27,2.04,1.53,1.07,-1.86,-5.47,-6.39,-4.76,-2.62,-2.77,-4.33,-7.44,-9.97,-11.6,-13.06,-13.65,-13.43,-13.22,-12.8,-12.17,-11.43,-11.05,-11.82,-11.71,-10.87,-11.12,-10.97,-10.67,-10.15,-9.53,-8.89,-8.23,-7.48,-6.7,-5.96,-5.15,-4.39,-3.9,-3.31,-2.6,-2.07,-1.98,-2.16,-2,-1.86,-2.14,-2.38,-2.49,-2.72,-3.24,-3.63,-3.57,-3.2,-2.83
-5.25,-5.34,-5.45,-5.38,-5.19,-5.07,-5.15,-5.13,-4.36,-2.27,-0.49,-0.2,0.13,1.06,2.35,3.68,4.79,6.07,7.5,8.67,9.8,10.45,10.64,10.59,10.71,10.75,10.07,8.9,7.58,6.2,4.82,3.3,1.55,0.35,0.06,-2.59,-7.32,-8.41,-6.06,-2.53,-1.5,-6.37,-11.1,-11.43,-12.13,-13.61,-14.25,-14.1,-13.77,-13.26,-12.71,-12.4,-12.8,-13.45,-12.78,-12.16,-11.69,-11.22,-10.81,-10.29,-9.66,-8.93,-8.18,-7.41,-6.53,-5.55,-4.49,-3.6,-3.18,-2.8,-2.19,-1.74,-1.54,-1.34,-0.93,-0.49,-0.27,-0.19,-0.18,-0.25,-0.58,-1.17,-1.52,-1.41
