gfs.json
{"header": {"discipline":0,"disciplineName":"Meteorological products","gribEdition":2,"gribLength":132662,"center":7,"centerName":"US National Weather Service - NCEP(WMC)","subcenter":0,"refTime":"2014-03-04T06:00:00.000Z","significanceOfRT":1,"significanceOfRTName":"Start of forecast","productStatus":0,"productStatusName":"Operational products","productType":1,"productTypeName":"Forecast products","productDefinitionTemplate":0,"productDefinitionTemplateName":"Analysis/forecast at horizontal level/layer at a point in time","parameterCategory":2,"parameterCategoryName":"Momentum","parameterNumber":3,"parameterNumberName":"V-component_of_wind","parameterUnit":"m.s-1","genProcessType":2,"genProcessTypeName":"Forecast","forecastTime":9,"surface1Type":100,"surface1TypeName":"Isobaric surface","surface1Value":50000,"surface2Type":255,"surface2TypeName":"Missing","surface2Value":0,"gridDefinitionTemplate":0,"gridDefinitionTemplateName":"Latitude_Longitude","numberPoints":65160,"shape":6,"shapeName":"Earth spherical with radius of 6,371,229.0 m","gridUnits":"degrees","resolution":48,"winds":"true","scanMode":0,"nx":360,"ny":181,"basicAngle":0,"subDivisions":0,"lo1":0,"la1":90,"lo2":359,"la2":-90,"dx":1,"dy":1}, "data":
[rows 72 to 107 of 181, columns 243 to 323 of 360]
-12.72,-11.41,-9.64,-7.65,-3,-0.07,-1.63,-2.58,-3.68,-4.79,-4.03,-1.81,-0.48,0.07,-0.66,-0.55,1.99,1.45,1.87,2.92,5.03,5.06,4.77,3.52,2.7,3.17,3.53,2.16,0.75,-0.68,-2.11,-2.71,-2.02,-1.13,-0.49,0.2,0.84,0.78,1.66,1.7,0.08,-0.26,-0.23,-0.94,-1.23,-1.16,-1.77,-2.11,-2.26,-2.43,-2.68,-2.84,-2.87,-3.17,-3.89,-4.61,-5.5,-6.39,-6.98,-7.45,-7.69,-7.13,-5.56,-3.44,-1.81,0.31,3.4,4.18,3.73,3.59,3.03,2.24,2.05,2.15,2.01,1.49,1.07,0.82,0.63,0.36,-0.11
-10.84,-9.7,-8.57,-6.36,-2.38,-2.65,-3.8,-4.5,-4.91,-3.75,-2.16,-1.46,-1.28,-1.49,-1.34,-0.67,-1,-0.42,1.63,4.77,7.49,7.78,5.46,2.89,2.42,3,3.02,1.44,0.27,-0.34,-1.33,-1.99,-1.93,-1.54,-0.57,-0.22,-0.05,-0.33,1.17,0.58,-0.41,0.56,-0.16,-1.34,-1.49,-1.98,-2.24,-2.27,-2.56,-2.45,-2.41,-2.97,-3.59,-3.88,-3.9,-3.84,-4.08,-4.46,-4.71,-4.95,-4.68,-3.9,-3.09,-2.15,-0.71,1.72,3.24,3.24,3.33,3.65,3.19,2.77,3.08,3.25,3.03,2.61,2.25,1.97,1.43,0.75,0.24
-8.47,-8.01,-7.64,-5.4,-3.85,-3.56,-3.58,-3.86,-3.45,-2.83,-2.74,-2.5,-1.83,-1.99,-2.5,-2.26,-2.37,-1.42,2.34,5.15,6,7.85,7.99,3.8,1.96,3.33,3.07,0.63,0.02,-0.04,-0.04,0.3,-0.97,-1.17,-0.3,-0.67,-1.97,-1.09,-0.86,-0.29,0.08,0.18,-0.86,-0.71,-0.59,-1.06,-0.92,-1.59,-1.7,-2.02,-2.14,-2.3,-2.59,-2.48,-2.12,-1.73,-1.53,-1.42,-1.38,-1.18,-1.26,-1.24,-0.76,-0.27,0.3,1.24,1.77,1.91,2.37,3.09,2.9,2.79,3.34,3.8,3.79,3.44,3.04,2.67,2.16,1.45,0.6
-6.73,-6.63,-6.96,-6.02,-4.44,-3.51,-3.45,-3.7,-3.6,-3.71,-3.33,-2.63,-3.23,-4.2,-3.48,-3.06,-3.1,-1.13,2.08,3.45,5.54,5.72,7.52,5.18,0.3,1.48,2.47,0.94,0.66,0.05,0.47,0.14,-0.19,-0.37,-0.83,-2.01,-1.99,-0.62,-1.42,-0.77,-0.79,-1,-0.14,-0.57,-0.77,-0.45,-0.13,-0.59,-0.54,0.52,0.66,0.29,0.33,0.6,0.84,0.47,-0.37,-0.83,-0.99,-1.3,-1.49,-1.19,-0.63,-0.21,-0.09,0.13,0.44,1.04,2.18,2.66,2.47,2.98,4.12,4.77,4.85,4.6,4,2.94,1.71,0.82,0.18
-5.37,-6.85,-6.99,-5.31,-4.08,-4.04,-4.19,-4.28,-4.21,-3.7,-3.52,-4.24,-5.16,-4.48,-3.76,-4.04,-3.4,-0.27,2.6,4.16,4.74,3.42,3.77,4.5,1.31,-1.4,-1,2.28,0.93,0.87,0.27,-0.79,-0.84,-0.2,-1.39,-0.18,-0.02,0.12,-0.39,-0.3,-0.52,-1.21,-1.41,-1.11,-0.65,0.89,1.4,1.42,1.11,0.79,0.28,0.26,0.37,0.36,-0.01,-0.66,-1.3,-1.73,-1.98,-2,-1.75,-1.42,-1.29,-1.43,-1.26,-0.65,0.03,0.81,1.61,2.14,2.72,3.69,4.74,5.07,4.9,4.49,3.56,2.33,1.4,1.07,1.08
-6.52,-6.19,-4.83,-4.04,-4.13,-4.13,-3.94,-3.61,-3.58,-4.31,-5.15,-5.69,-4.56,-3.57,-4.41,-4.39,-2.31,-0.66,2.57,2.38,4.54,2.77,2.03,2.98,2.9,0.32,0.27,1.58,2.13,1.8,0.86,0.23,-0.77,0.16,-0.4,0.63,0.7,0.09,-0.11,-0.32,-0.17,-0.06,0.33,0.99,1.38,0.91,0.87,0.97,0.61,0.61,0.78,0.86,0.77,0.58,0.62,0.49,-0.11,-0.83,-1.49,-1.72,-1.81,-2.25,-2.49,-1.99,-1.39,-1.16,-0.41,0.75,1.41,1.84,2.78,4.31,5.28,5.08,4.53,3.87,3.47,3.15,2.78,2.38,1.84
-5.49,-4.18,-3.37,-2.99,-3.04,-3.02,-3.03,-3.77,-4.89,-5.49,-5.69,-4.66,-3.59,-3.7,-3.76,-2.9,-1.08,-0.64,1.27,0.27,2.15,2.65,1.5,1.58,2.71,3.68,4,4.2,4.94,4.03,3.48,2.69,1.56,1.8,1.17,1.21,1.43,0.51,0.14,1.14,2.42,2.96,2.09,1.49,0.72,0.53,1.16,1.64,1.67,2.03,2.27,2.26,1.77,1.55,0.96,0.04,-0.81,-1.58,-2.12,-2.62,-3.11,-2.82,-2,-1.57,-1.24,-0.3,0.7,0.98,1.47,3.02,4.72,5.45,5.06,4.39,4.36,4.66,4.31,3.44,2.68,2.26,2.15
-4.18,-3.11,-2.05,-2.04,-2.24,-2.65,-3.84,-4.74,-4.83,-5.05,-5.11,-4.16,-2.91,-2.53,-2.12,-1.7,-0.51,0.8,1.88,2.87,3.54,3.8,3.69,3.61,4.09,4.39,5.74,6.32,6.22,5.82,6.11,5.88,5.09,3.35,1.42,0.66,-0.05,-0.25,0.94,3.32,3.97,3.43,2.61,2.09,1.49,1.99,1.87,1.42,1.82,2.45,2.78,2.61,2.66,2.46,1.78,0.78,-0.44,-1.83,-2.77,-2.99,-1.86,-0.91,-0.92,-0.63,0.06,0.85,1.41,2.34,3.65,4.75,4.75,4.13,4.22,4.4,4.28,3.92,3.64,3.27,3.28,3.63,3.85
-3.46,-2.31,-2.03,-2.12,-2.32,-3.17,-4.07,-4.54,-5.14,-5.5,-4.6,-2.68,-1.6,-1.75,-1.92,-1.18,0.38,1.02,2.45,3.93,4.42,4.8,5.46,5.57,5.23,5.2,5.4,6.55,7.59,7.38,7.57,7.1,6.06,3.68,2.4,1.02,0.14,-0.03,0.77,1.85,3.12,3.71,3.9,2.24,0.76,1.43,0.35,1.49,1.88,2.2,1.84,2.22,3.29,2.41,3.07,1.09,0.37,-0.87,-1.56,-1.43,-1.17,-0.27,0.88,1.3,1.63,2.23,3.04,4.01,4.98,4.43,3.17,3.86,4.76,4.22,3.79,3.86,3.84,4.11,4.42,4.08,3.63
-3.23,-2.66,-2.84,-2.64,-2.78,-3.12,-3.28,-3.61,-4.32,-3.87,-2.23,-1.48,-1.72,-1.98,-1.49,-0.57,0.88,2.06,3.62,5.31,5.1,4.25,5.45,6.91,5.82,4.81,5.85,7.04,7.55,8.51,7.64,6.58,5.51,3.65,1.67,1.01,0.3,-0.3,-0.46,0.69,1.96,2.42,2.2,1.06,0.6,0.11,0.68,1.29,1.9,2.08,2.2,2.3,2.49,2.51,3.46,2.23,0.74,-0.4,-1.22,-0.83,0.59,1.45,1.41,1.98,2.78,3.44,4.27,5.41,4.7,3.68,3.27,4.46,4.57,4.13,3.87,3.51,3.68,3.92,3.8,3.7,3.51
-2.77,-2.06,-1.51,-0.42,-0.36,-1.87,-2.61,-3.18,-4.08,-3.2,-1.69,-1.83,-1.9,-1.82,-0.4,0.38,1.06,3,4.34,4.89,4.85,4.45,5.38,7.41,6.55,7.35,8.97,8.95,10.26,9.84,8.72,6.81,5.45,3.39,2.26,1.24,0.59,-0.12,-0.17,0.69,1.25,0.79,-0.09,-1.12,-0.29,-0.3,0.38,2.14,2.3,2.59,1.91,1.1,0.85,0.63,1.26,2.12,2.33,0.8,0.4,0.53,0.92,1.28,2.45,4.21,4.75,5.2,5.13,4.52,4.27,4.25,3.22,4.29,5.1,4.08,3.62,3.89,3.94,3.77,3.92,3.94,3.84
-1.84,-0.41,-0.75,-0.22,0.29,-1.3,-1.68,-1.93,-1.64,-1.86,0.13,-0.79,-0.59,-1.09,0.74,2.22,2.65,3.45,4.17,4.72,4.89,4.42,5.07,7.2,8.33,8.66,9.57,10.64,9.96,8.89,6.14,4.47,4.49,3.06,2.38,1.54,-0.45,-0.55,-0.64,0.29,0.03,-0.8,-1.01,-0.89,-1.97,-1.27,1.85,1.45,0.7,1.1,1.6,1.25,0.76,0.52,0.86,1.54,2.16,2.52,1.89,1.2,2.6,3.53,4.52,4.57,4.16,4.92,4.44,3.95,3.95,3.1,2.53,4.23,5.34,4.27,4.79,5.14,5.21,5.08,4.63,4.24,4.12
-1.11,-0.82,-1.04,2.08,0.91,-1.42,-1.86,0.04,2.48,2.25,1.7,1.65,1.37,1.34,2.25,2.92,3.39,4.89,4.38,4.68,4.98,4.23,4.74,7.89,8.63,9.76,9.63,7.85,6.97,6.06,3.54,1.2,2.79,1.67,0.91,1.68,0.31,0.14,0.68,0.22,-0.13,-0.07,-1.02,-1.69,-1.95,-0.2,0,-0.61,0.19,1.41,1.59,2.01,2.23,1.62,1.31,0.92,1.19,1.69,1.48,1.63,3.15,3.28,3.88,3.72,4.51,4.66,4.01,3.8,2.82,2.52,3.98,5.92,5.87,5.38,5.51,5.6,5.23,4.76,4.08,3.64,3.26
-1.26,0.36,0.74,1.86,0.77,-0.26,-0.16,1.21,2.81,3.07,3.75,4.54,4.77,3.93,4.57,4.04,3.18,3.64,4.16,4.66,5.21,5.03,5.38,8.33,8.6,8.28,8,5.56,5.3,3.53,0.8,0.84,1.73,0.53,0.12,0.8,0.18,0.04,-0.01,-0.2,0.28,0.53,-1.28,-4.39,-2.15,-0.94,-0.98,0.91,1.56,1.28,0.48,1.49,1.21,1.81,1.04,1.1,1.76,2.25,2.88,3.71,2.73,2.46,3.29,3.81,4.52,4.16,3.78,2.44,1.63,3.63,6.17,6.1,5.8,6.33,5.51,5.26,4.73,3.89,3.45,2.82,2
-0.84,0.41,0.72,1.27,1.87,1.85,1.71,1.89,3,3.99,4.88,5.04,5.49,5.48,5.59,5.63,4.56,3.09,4.02,4.91,5.55,6,6.23,7.98,8.51,7.84,6.35,4.33,3.53,0.41,-0.38,0.45,1.3,0.5,-0.11,-0.09,-0.41,-0.59,-0.76,-0.6,0.63,-0.55,0.49,-0.56,0.66,0.71,0.27,1.83,2.03,1.95,2.03,0.95,0.13,-0.8,0.64,1.78,2.22,3.37,3.2,2.72,2.72,2.27,3.24,4.19,4.05,3.99,3.36,1.83,1.75,3.75,5.28,6.66,6.96,6.61,5.06,4.02,3.56,3.15,2.81,2.18,1.29
-1.9,-0.96,-0.39,-0.47,0.51,1.77,2.72,2.9,3.12,3.11,3.87,4.48,4.72,4.98,4.38,4.32,4.59,3.61,4.11,5.17,5.55,6.41,7.34,7.15,7.06,5.77,4.11,2.62,2,1.05,0.27,-0.52,0.81,0.23,0.71,0.74,0.21,-0.19,-0.18,-0.23,-0.03,-0.86,-2.21,1.6,0.31,0.94,0.25,0.99,2.92,3.1,2.09,0.47,-0.45,-1.03,1.71,2.47,2.35,2.67,2.73,2.9,3.74,3.94,3.57,2.64,2.33,2.63,2.32,0.55,0.78,2.39,4.56,6.34,5.08,3.72,2.28,3.76,3.8,1.47,2.03,1.71,1.08
-1.11,-1.19,-1.14,-1.08,-1.1,-0.57,0.3,1.15,1.87,2.24,2.31,2.68,3.02,3.18,3.18,2.78,2.29,2.72,3.84,5.69,6.12,6.61,6,5.9,6.14,3.92,2.58,0.78,0.33,0.1,-0.23,0.01,0.66,1.23,1.75,2.01,1.88,1.62,1.2,1.34,0.35,-0.12,0.68,-1.05,-1.09,-0.6,0.4,0.25,2.69,4.67,2.14,-0.86,-1.08,-0.53,1.7,2.75,1.35,3.12,2.2,3.14,5.89,3.12,1.42,0.17,0.17,1.07,1.52,-0.19,0.54,3.78,2.83,2.26,2.29,4.1,4.63,4.64,3.42,3.86,3.23,1.49,0.79
-0.11,-0.4,-0.48,-0.37,-0.29,-0.5,-0.26,-0.07,0.16,0.38,0.44,0.46,0.48,1.17,1.35,1.11,1.12,2.52,3.35,4.32,4.05,3.91,2.79,2.77,4.23,2.31,1.56,0.51,1.15,0.52,-1.33,-0.39,0.34,1.94,2.94,3.45,3.45,2.39,2.9,0.53,-0.81,-0.08,-1.39,-0.64,-2.43,-2.14,-1.76,-1.35,-2.43,-3.6,-3.59,-1.27,0.17,0.43,2.34,2.93,0.66,4.92,2.56,3.15,5.14,0.37,1.08,-0.21,-0.94,0.78,3.5,-0.73,-1.68,-0.3,0,0.49,2.46,4.26,3.57,3.95,2.35,2.4,2.2,1.35,0.67
1.33,0.96,1.25,1.72,1.31,0.68,-0.07,-0.71,-1.39,-1.91,-1.78,-1.08,-0.51,-0.35,-0.27,-0.43,-0.57,-0.05,0.38,3.14,3.31,1.86,3.35,1.82,2.06,0.07,0.36,0.27,0.57,0.5,-0.46,-0.3,0.23,1.46,3.69,4.44,3.48,1.65,2.32,-0.15,0.67,1.89,-0.11,-1.71,-1.6,0.49,-2.69,-3.11,-4.08,-6.64,-4.97,6.33,2.65,3.19,2.89,0.41,0.4,3,1.59,1.25,2.39,-1.32,1.39,1.16,0.26,3.15,2.3,-2.13,-1.89,-1.94,1.06,0.9,1.69,3.24,3.06,2.55,1.31,0.95,0.83,1.03,0.36
3.21,3.43,3.15,2.4,1.25,-0.14,-1.54,-2.31,-2.74,-2.83,-2.85,-2.11,-1.63,-1.69,-2.21,-2.23,-1.44,-2.03,0.29,0.38,1.76,2.6,3.63,2.13,0.62,-0.24,-0.25,-0.43,-0.19,0.47,0.79,0.04,0.4,2.16,4.86,4.62,2.71,1.25,0,0.13,-0.81,-1.05,3.22,1.62,-1.34,-1.74,-3.99,-3.07,-2.96,-4.43,-1.62,3.91,2.36,4.26,1.47,-0.44,1.01,1.39,-0.27,-0.77,-0.77,-2.06,0.46,0.98,0.77,1.47,-1.1,-1.72,-0.79,-0.96,0.11,-0.44,-0.21,1.12,2.23,3.09,3.89,3.4,3.24,1.4,0.91
3.54,3.74,3.43,2.76,1.99,1,-0.42,-1.21,-2.19,-2.33,-2.29,-2.39,-2.85,-2.98,-3.97,-4.32,-3.01,-2.5,-1.63,0.29,1.86,1.78,1.42,0.9,0.11,0.17,0.29,0.21,0.59,1.05,0.43,-0.06,0.74,3.02,3.99,3.36,1.76,1.73,-1.14,-0.35,0.11,-0.8,1.34,0.15,0.55,-2.79,-5.15,-1.35,-3.84,-3.81,1.66,1.77,6.36,4.48,0.91,-1,1.34,0.29,0.13,-1.06,-3.8,-2.14,-0.56,0.69,-0.23,-1.64,-3.03,0.72,-0.06,-1.33,-0.61,0.01,0.06,-0.88,0.5,2.34,2.88,3.52,2.83,2.17,1.13
3.13,2.57,2.07,1.78,1.58,1.1,0.27,-0.42,-1.02,-1.99,-2.56,-4.24,-4.78,-4.92,-6.13,-6.12,-4.72,-2.85,-2.96,-0.32,0.85,0.21,-0.56,-0.93,-1.03,-0.28,0.12,0.55,1.09,0.96,0.37,0.66,1.3,2.69,2.9,2.78,1.66,1.31,-1.51,1.42,2.19,0.55,-0.72,0.02,0.64,-3.97,-4.22,-0.64,0.49,1.92,1.39,3.17,3.7,4.04,4.41,1.96,1.26,1.34,0.52,-3.95,-3.72,-1.72,-0.59,0.47,-1.05,-3.38,-1.68,0.17,-0.53,-2.11,-0.91,-0.52,-0.14,0.54,1.64,2.04,2.13,2.3,1.94,1.83,1.31
1.95,1.73,1.85,2.14,2.15,2.25,2.21,1.15,-0.86,-3.04,-4.2,-5.38,-5.59,-7,-7.78,-7.22,-5.48,-3.76,-2.5,-1.47,-1.4,-2.27,-1.98,-1.54,-1.02,-0.5,-0.11,0.42,0.7,0.57,0.8,1.19,1.42,1.91,2.47,2.73,1.27,-0.92,-0.4,0.12,-0.29,-0.02,-0.26,-2.12,-3.69,-2.3,-1.76,-0.35,4.55,1.51,-0.11,-0.33,1.34,-3.75,1.71,1.54,0.14,-0.15,-1.07,-4.48,-2.16,-1.07,-0.72,-0.28,-4.02,-1.29,-0.07,-0.33,-2.61,-3.1,-1.21,-0.94,-0.39,0.39,1.42,1.77,1.37,1.9,2,1.24,1.24
2.06,2.77,3.24,2.69,1.87,1.28,1.41,-0.06,-2.11,-4.39,-5.56,-5.56,-5.46,-6.7,-7.58,-6.43,-5.29,-4.2,-3.82,-3.27,-3.13,-3.17,-2.54,-1.86,-1.12,-0.69,-0.04,0.24,0.37,0.51,0.81,1.65,1.82,2.05,2.82,3.55,0.62,-2,-2.06,2.21,-1.65,-2.13,-2.18,-2.67,-4.59,-4.94,-6.96,-2.9,0.16,0.66,-0.03,-1.9,-1.17,-2.76,-0.91,-0.49,0.01,-0.67,-1.5,-3.93,-2.89,-2.8,-0.01,-4.76,0.58,3.43,0.82,-0.17,-2.74,-4.26,-1.91,-1.03,-0.37,0.38,0.95,1.38,0.99,0.65,1,0.97,0.83
2.29,2.61,2.76,1.74,1.45,0.73,-0.25,-1.39,-2.26,-3.51,-4.53,-4.92,-5.15,-5.39,-5.52,-5.1,-5.26,-4.31,-3.79,-3.89,-3.65,-3.21,-3.61,-1.87,-1.13,-0.44,0.14,0.51,0.32,0.18,0.53,0.92,1.09,1.88,2.51,3.33,1.02,-2.48,-3.7,5.59,-1.58,-3.2,-3.92,-2.72,-3.63,-4.17,-3.36,-3.48,-2.37,0.4,-0.35,-1.33,-2.71,-2.18,-2.97,-0.6,0.78,0.56,-1.87,-6.08,-0.73,-1.62,2.72,-2.9,2.42,3.33,0.75,-0.87,-0.28,-2.55,-2.78,-2.33,-1.01,0.26,0.66,0.61,1.37,1.73,1.31,0.69,0.64
1.29,1.41,1.33,0.62,0.71,0.87,0.44,-1.07,-1.92,-2.83,-3.33,-3.43,-3.8,-4.38,-3.54,-4.55,-5.24,-4.64,-4.55,-4.61,-3.54,-4.01,-3.32,-1.99,-1.66,-1.03,-0.08,1.26,1.55,0.74,-0.2,-0.15,0.5,1.45,1.61,1.65,0.96,-0.8,-1.61,3.11,-0.22,-3.06,-3.47,-4.47,-4.18,-4.58,-4.47,-5.6,-2.06,-0.38,-3.57,-1.03,-2.76,-2.19,-2.03,0.27,0.17,-1.89,3.96,-3.53,-4.76,-1.69,-1.44,-0.4,0.15,2.53,0.2,-0.89,-0.48,-2.3,-2.58,-1.32,0.44,1,1.16,0.18,0.89,1.93,1.25,0.2,0.06
3.03,1.9,0.7,-0.22,-0.19,-0.11,-0.23,-0.33,-0.94,-1.65,-1.6,-1.2,-3.22,-5.06,-4.51,-4.73,-4.85,-4.3,-5.05,-4.06,-4.38,-3.91,-2.29,-1.58,-1.08,-0.18,0.96,1.8,1.8,0.76,-0.54,-0.71,0.12,1.05,1.41,0.3,-0.06,1.04,-0.86,-1.8,-0.15,-2.42,-3.88,-4.44,-3.46,-1.71,-6.64,-4.43,-0.24,-0.32,-1.35,2.92,2.87,5.03,1.27,-0.69,-1.89,-2.45,0.58,3.04,-6.58,2.99,-0.39,0.04,0.94,2.23,-0.91,-1.95,-2.54,-2.98,-3.7,-2.57,0.99,1.7,1.2,1.24,1.29,1.65,0.97,-0.79,-0.72
1.91,1.21,0.6,0.2,0.11,-0.05,-0.59,-0.84,-1.4,-1.58,-1.25,-0.61,-1.7,-4.96,-4.6,-4.34,-3.78,-3.97,-5.12,-4.71,-4.79,-3.79,-2.03,-1.29,-0.87,0.19,1.74,2.42,2.12,0.63,-0.88,-0.87,-0.09,1.16,1.37,0.2,-0.85,-0.76,0.26,-1.64,-1.87,-3.15,-2.97,-3.29,-3.99,2.12,-0.57,5.56,-1.87,-2.19,-1.11,-0.2,2.92,2.53,-0.54,-1.9,-3.43,-2.14,-0.14,2.73,-1.66,-0.22,-0.21,0.54,1.77,1.73,-1.8,-2.56,-3.74,-5.33,-2.67,-0.3,1.71,1.15,0.93,1.56,1.6,1.96,1.69,-0.27,-0.8
1.43,0.17,-0.08,0.37,1.52,1.71,0.42,-0.99,-1.66,-2.51,-3.06,-2.37,-1.15,-3,-3.91,-4.13,-4.11,-4.84,-6.12,-5.77,-4.46,-2.68,-1.3,-1.15,-0.64,0.45,1.95,2.09,1.91,1.25,0.11,-0.49,-0.19,0.58,0.67,0.64,0.41,0.48,-0.85,-2.03,-3.49,-2.05,-2.2,-1.64,-2.11,-3.86,-2.6,-1.7,-7.01,-5.84,-3.51,-4.15,-2.44,-4.78,-2.07,-2.57,-2.69,-1.88,-0.33,0.96,0.73,-0.87,-1.12,-0.84,0.4,-1.17,-4.13,-1.09,-1.04,-2,-0.03,1.13,1.23,2.28,2.2,1.77,3.52,2.92,1.77,0.6,-0.2
1.45,-0.56,-0.17,0.92,2.25,1.6,0.34,-0.76,-1.71,-3.52,-5.02,-4.08,-2.45,-2.62,-3.69,-4.52,-5.45,-5.57,-6.93,-5.74,-3.25,-1.94,-1.43,-0.8,-0.12,0.56,1.38,1.21,0.94,0.83,0.58,-0.37,-0.67,-0.37,0.04,1.1,0.34,-0.53,0.43,-0.68,-3.96,-4.4,-1.83,-1.83,-2.03,-3.59,-3.55,-7.08,-8.64,-6.81,-3.11,-3,-5.49,-5.52,-4.42,-4.97,-2.81,-1.06,-0.1,0.08,0.51,-0.62,-1.98,-2.59,-1.89,-2.34,-5.2,-3.74,-3.35,-5.65,-0.95,1.22,2.02,2.07,2.05,1.61,1.94,3.3,2.67,0.43,0.38
1.22,-0.7,-0.26,1.48,2.53,1.78,0.48,-1.03,-2.64,-4.24,-5.85,-5.13,-3.23,-2.53,-3.23,-4.76,-6.01,-5.08,-5.8,-4.02,-2.4,-1.92,-1.28,-0.63,-0.48,0.43,1.24,1.34,0.28,-0.17,0.5,-0.07,-0.34,-0.24,-0.17,0.98,0.88,-1.65,-0.12,-1.22,-4.44,-4.78,-3.31,-4.45,-2.15,-1.29,-3.81,-6.98,-9.72,-4.89,-5.54,-5.21,-6.63,-7.57,-6.32,-4.86,-3.7,-2.38,-1.2,-0.51,-0.51,-1.65,-3.66,-3.26,-2.13,-1.75,-1.61,-6.7,-1.67,-4.28,1.95,0.84,1.17,1.53,1.45,2.7,2.82,2.61,2.22,1.53,2.33
0.98,-1.07,-0.98,2.52,4.19,3.08,1.09,-1.54,-3.21,-4.48,-5.48,-4.65,-3.35,-2.59,-3.17,-4.27,-4.87,-4.38,-5.04,-3.66,-1.96,-2.01,-1.77,-1.04,0.53,1.64,1.64,1.2,-0.01,-0.06,1.09,-0.34,0.72,0.78,1.11,1.07,0.25,-0.57,-0.63,0.39,-1.2,-0.74,-0.44,-2.69,-1.8,-3.11,-3.91,-4.9,0.66,2.45,-5.43,-5.05,-4.98,-7.89,-6.87,-4.59,-2.39,-3.18,-2.13,-1.24,-1.37,-1.3,-0.49,-2.17,-1.52,-0.09,2.46,-7.14,-6.52,0,0.83,-0.21,1.23,0.67,1.68,3.2,2.91,3.34,1.75,1.75,3.02
1.54,-1.18,0.28,5.52,6.34,3.65,0.95,-1.6,-3.18,-3.94,-4.8,-4.48,-3.4,-2.99,-3.32,-3.7,-4.26,-5,-5.32,-3.61,-2.75,-3.03,-2.7,-1.37,0.45,1.27,1.83,1.37,0.61,-0.43,0.22,-1.16,0.45,0.88,0.92,0.91,0.04,0.17,0.14,2.04,1.22,-0.79,-0.45,2.04,-0.15,-1.58,-1.17,-3.24,-0.07,1.43,-1.58,0.95,-2.02,-9.6,-6.15,-3.02,-0.32,-1.56,-2.49,-3.17,-3.7,-3.18,-1.66,-0.18,-0.31,1.27,1.87,0.37,0.55,-0.4,-2.81,-1.01,1.74,0.17,1.3,2.32,2.34,2.25,1.94,1.16,1.95
-0.05,0.26,4.33,6.51,5.87,2.79,-0.53,-2.42,-2.9,-3.72,-4.68,-4.31,-3.8,-3.65,-3.34,-3.39,-3.89,-4.77,-5.09,-4.33,-3.86,-3.24,-3.37,-0.9,0.04,0.63,1.53,0.83,0.72,-0.84,-0.65,-0.9,-0.75,1.29,1.4,2.13,2.1,2.12,2.37,2.16,1.1,0.09,1.31,1.33,1.81,-4.99,-2.68,-3.29,-2.41,-1.71,-1.26,-0.68,-0.18,-8.45,-5.79,-2.96,-1.39,-1.09,-0.58,-2.23,-5.02,-3.99,-1.36,-0.23,-0.41,-0.68,0.18,0.79,0.87,-0.36,-2.98,-2.28,1.64,1.16,2.65,3.72,3.22,2.57,2.1,1.18,0.77
-0.8,2.52,4.24,5.3,4.8,2.79,0.67,-1,-1.78,-2.46,-2.87,-3.04,-2.97,-2.58,-2.17,-2.07,-2.71,-3.96,-4.91,-5.33,-3.87,-2.61,-0.98,-0.29,-0.17,-0.12,0.77,-0.16,0.39,-0.14,-1.11,-0.87,-0.97,0.16,1.5,3.09,3.55,3.48,3.35,2.96,1.96,1.36,0.34,-0.59,0.44,-2.87,-3.7,-1.53,-3.09,-1.58,-3.16,-4.16,-4.06,-3.23,-6.81,-4.4,-1.47,-0.37,0.58,-0.23,-3.26,-2.16,0.02,-0.8,-2.03,-1.35,0.65,-2.08,-2.34,-0.45,-7.63,-2.59,0.88,1.64,3.08,3.37,3.31,2.66,2.07,1.27,-0.03
-1.93,-0.73,2.68,6.03,5.46,3.48,2.27,0.32,-0.66,-1.18,-1.66,-2.1,-2.5,-2.41,-2.38,-2.94,-2.85,-3.34,-4.09,-5.6,-6.36,-4.25,-2.3,-0.95,-0.74,-0.68,0.73,0.23,-0.29,-0.18,0.21,-0.97,0.32,0.97,0.7,3.41,3.75,4.06,4.27,4.09,3.51,1.24,-0.68,-0.75,-1.64,-1.75,-2.06,-3.38,-2.75,-3.1,-3.75,-4.14,-5.18,-6.03,-6.97,-6.11,-2.94,-1.44,-0.81,0.61,-0.41,0.01,1.76,0.25,-2.95,-2.2,-1.23,-1.26,-1.56,1.24,-3.71,-1.37,0.7,2.63,2.81,2.62,3.08,2.38,1.6,1.54,0.05
