gfs.json
{"header": {"discipline":0,"disciplineName":"Meteorological products","gribEdition":2,"gribLength":135324,"center":7,"centerName":"US National Weather Service - NCEP(WMC)","subcenter":0,"refTime":"2014-01-13T12:00:00.000Z","significanceOfRT":1,"significanceOfRTName":"Start of forecast","productStatus":0,"productStatusName":"Operational products","productType":1,"productTypeName":"Forecast products","productDefinitionTemplate":0,"productDefinitionTemplateName":"Analysis/forecast at horizontal level/layer at a point in time","parameterCategory":2,"parameterCategoryName":"Momentum","parameterNumber":2,"parameterNumberName":"U-component_of_wind","parameterUnit":"m.s-1","genProcessType":2,"genProcessTypeName":"Forecast","forecastTime":3,"surface1Type":100,"surface1TypeName":"Isobaric surface","surface1Value":85000,"surface2Type":255,"surface2TypeName":"Missing","surface2Value":0,"gridDefinitionTemplate":0,"gridDefinitionTemplateName":"Latitude_Longitude","numberPoints":65160,"shape":6,"shapeName":"Earth spherical with radius of 6,371,229.0 m","gridUnits":"degrees","resolution":48,"winds":"true","scanMode":0,"nx":360,"ny":181,"basicAngle":0,"subDivisions":0,"lo1":0,"la1":90,"lo2":359,"la2":-90,"dx":1,"dy":1}, "data":
[rows 70 to 104 of 181, columns 158 to 236 of 360]
-4.4,-3.36,-3.34,-4.84,-5.69,-6.74,-7.54,-7.66,-6.9,-6.06,-6,-6.59,-7.84,-8.8,-8.47,-7.32,-6.67,-5.54,-4.8,-5.15,-6.1,-6.53,-6.39,-5.51,-3.96,-2.95,-2.67,-1.97,-0.81,0.54,2.34,3.59,3.78,3.16,3.39,3.34,3.33,3.3,3.39,2.67,1.83,1.61,0.13,-1.54,-1.85,-0.22,0.72,-1.64,-3.23,-3.42,-3.79,-3.99,-4.51,-5.27,-5.11,-5.72,-7.42,-9.34,-9.93,-9.5,-9.81,-10.2,-10.76,-9.63,-8.66,-11.13,-11.09,-11.17,-11.19,-11.48,-11.77,-11.82,-12,-12.47,-12.89,-13.07,-12.02,-10.56,-9.63
-7.26,-7.34,-8.31,-8.24,-7.93,-7.01,-6.19,-5.67,-5.04,-4.92,-5.31,-5.66,-6.02,-6.56,-7.23,-6.56,-6.04,-5.95,-6.43,-7,-6.66,-5.22,-4.41,-4.62,-3.8,-2.89,-1.77,-0.78,0.23,1.46,2.31,2.75,3.58,3.83,3.45,3.11,3.15,3.25,2.35,1.36,1.05,0.04,-1.44,-3.51,-3.37,-4.28,-3.57,-3.26,-4.24,-4.9,-5.06,-5.14,-5.07,-5.42,-5.78,-5.53,-5.07,-5.55,-7.33,-8.42,-8.71,-8.96,-9.46,-10.11,-10.34,-11.49,-11.43,-11.54,-11.58,-11.76,-11.84,-11.82,-11.8,-11.74,-11.66,-11.51,-11.43,-11.47,-10.63
-9.6,-8.82,-8.24,-7.46,-7.05,-6.78,-6.87,-7.05,-7.18,-7.66,-7.96,-7.66,-7.24,-6.95,-6.41,-6.62,-6.54,-6.77,-7.08,-6.91,-6.3,-5.66,-4.9,-4.12,-3.2,-1.95,-1.07,-0.19,0.5,1.2,2.06,2.89,2.91,2.33,1.98,2.09,2.96,2.78,1.82,0.31,-0.4,-1.47,-2.78,-4.28,-4.36,-4.84,-5.2,-4.96,-4.67,-5.61,-6.11,-6.36,-6.72,-7.03,-6.6,-6.24,-6.2,-6.23,-6.7,-7.42,-7.99,-9.17,-9.81,-9.45,-10.81,-11.77,-11.41,-11.57,-11.55,-11.78,-12.13,-11.95,-11.71,-11.74,-11.5,-10.9,-9.69,-8.37,-7.9
-10.01,-9.33,-8.55,-8.55,-8.4,-8.58,-8.52,-8.83,-9.23,-9.23,-8.99,-9.07,-8.98,-8.63,-8.27,-7.8,-7.38,-7.06,-6.43,-6.2,-6.03,-5.1,-4.28,-3.39,-2.73,-1.89,-1.34,-0.66,0.3,1.54,1.68,0.56,0.41,0.31,0.2,0.4,0.9,0.65,-0.85,-1.88,-2.67,-3.06,-3.87,-4.64,-5.09,-6.22,-7.02,-6.08,-5.9,-5.22,-5.61,-6.49,-6.4,-6.69,-5.43,-5.12,-5.18,-5.48,-5.72,-5.73,-6.38,-8.44,-9.47,-8.64,-8.91,-9.22,-9.83,-9.81,-9.4,-10.13,-11.06,-11.75,-11.58,-10.92,-10.51,-9.85,-8.12,-6.91,-4.95
-10.39,-10.33,-9.93,-9.68,-9.72,-9.94,-10.12,-10.67,-11.15,-10.59,-10.79,-10.44,-9.14,-8.41,-7.58,-6.36,-5.4,-4.95,-4.34,-3.23,-2.86,-2.74,-2.21,-2.07,-2.92,-2.6,-1.39,0.68,1.78,0.62,-0.69,-1.36,-0.92,-1.88,-1.5,-1.73,-1.5,-2.75,-3.39,-4.14,-4.77,-5.24,-5.16,-5.39,-5.67,-6.29,-6.63,-6.1,-6.04,-5.87,-5.98,-5.9,-6.21,-5.51,-5.17,-5.87,-6.06,-5.58,-5.52,-5.15,-5.23,-6.7,-8.31,-7.81,-6.85,-8.47,-8.59,-8.73,-7.75,-6.68,-6.68,-7.54,-8.05,-7.93,-7.47,-6.86,-5.54,-6.23,-5.56
-12.57,-11.86,-11.56,-11.3,-10.96,-10.82,-11.44,-11.71,-11.64,-11.39,-11.29,-10.13,-10.13,-10.03,-9.11,-8.11,-7.28,-6.3,-5.45,-4.14,-3.51,-3.72,-4.15,-3.91,-3.19,-2.14,-0.71,-0.72,-1.82,-2.62,-3.04,-4.46,-4.38,-4.77,-5.11,-4.51,-4.45,-5,-5.59,-6.03,-5.85,-6.79,-6.33,-6.12,-6.45,-6.17,-5.86,-5.71,-5.62,-5.12,-5.06,-6.31,-5.76,-5.99,-5.89,-5.71,-5.63,-5.5,-4.63,-5.22,-5.18,-4.54,-6.31,-7.78,-7.8,-8.45,-8.44,-9.64,-8.52,-8.22,-8.51,-7.78,-7.74,-6.96,-6.82,-6.84,-6.38,-6.52,-8.21
-13.33,-12.46,-11.91,-11.95,-11.55,-11.34,-11.47,-11.85,-12.48,-11.84,-11.28,-10.43,-9.82,-9.21,-9.38,-9.54,-9.45,-8.79,-7.67,-5.97,-5.37,-5.22,-4.94,-4.41,-3.58,-2.74,-3.08,-3.8,-4.03,-5.1,-6.48,-6.6,-6.69,-6.98,-7.12,-7.01,-6.98,-6.91,-6.78,-6.59,-6.4,-7.56,-7.67,-6.85,-6.59,-6.1,-5.48,-5.59,-5.87,-5.23,-5.47,-6.14,-6.35,-6.57,-5.96,-5.17,-5.12,-5.03,-4.81,-5.05,-4.63,-3.94,-4.04,-5.83,-6.91,-7.71,-8.13,-10.45,-9.81,-9.22,-9.39,-8.34,-8.54,-9.89,-9.55,-8.57,-8.92,-10.96,-10.99
-13.89,-12.94,-12.37,-11.81,-11.32,-11.36,-10.92,-11.23,-11.16,-10.49,-10.02,-9.28,-8.78,-9.01,-9.2,-8.9,-8.43,-7.73,-7.05,-6.7,-6.62,-6.54,-6.17,-5.59,-5.81,-6.36,-6.01,-6.26,-6.14,-5.19,-6.97,-6.98,-7.77,-7.87,-8.1,-8.6,-8.84,-9.27,-8.95,-8.43,-8.4,-8.68,-8.61,-8.26,-7.67,-7.08,-6.72,-6.22,-6.14,-6.58,-6.82,-6.51,-6.04,-6.51,-6.93,-7.26,-7.99,-7.4,-6.38,-6.38,-5.71,-4.87,-5.26,-5.14,-6.13,-6.98,-7.58,-9.64,-10.18,-9.63,-9.84,-10.05,-10.89,-11.22,-10.1,-9.9,-11.27,-12.87,-12.68
-14.09,-13.42,-13.02,-12.36,-11.89,-11.2,-10.68,-10.33,-9.78,-9.28,-8.87,-8.5,-8.36,-8.8,-8.92,-8.95,-8.83,-8.51,-7.86,-7.16,-7.21,-7.01,-6.37,-7.24,-8.42,-7.5,-6.59,-5.49,-4.67,-4.48,-6.41,-8.57,-8.42,-8.87,-9.09,-9.45,-9.65,-9.85,-10.39,-10.27,-10.4,-10.45,-10.29,-9.84,-9.51,-9.17,-8.36,-7.68,-7.24,-6.93,-7.03,-6.88,-7.24,-7.12,-7.02,-6.61,-6.36,-3.83,-6.4,-8.41,-8.23,-6.73,-5.33,-6.19,-6.95,-7.97,-8.16,-8.89,-9.69,-10.72,-11.02,-11.7,-12.12,-12.42,-11.89,-11.55,-12.11,-13.07,-12.71
-12.48,-12.2,-12.17,-12.53,-12.28,-12.01,-11.42,-10.69,-9.81,-8.84,-8.24,-8.28,-8.89,-9.83,-10,-9.75,-9.4,-8.68,-7.86,-7.26,-6.96,-6.67,-7.33,-8.94,-9.2,-7.31,-5.37,-5.19,-5.95,-6.06,-7,-9.25,-9.07,-9.41,-9.63,-9.69,-9.51,-9.78,-10.32,-10.95,-10.91,-10.99,-10.59,-10.37,-10.05,-9.79,-9.14,-8.91,-8.97,-8.75,-8.09,-8.07,-8.18,-8.32,-8.41,-7.6,-6.8,-7.06,-8.48,-9.8,-9.03,-7.92,-7.76,-8.56,-8.83,-9.09,-9.55,-10.37,-11.46,-12.13,-13.04,-14.08,-14.86,-14.95,-14.5,-14.44,-14.14,-13.41,-12.85
-10.66,-9.71,-9.18,-9.45,-10.55,-10.68,-10.29,-9.5,-9.17,-8.73,-8.98,-9.75,-10.48,-10.51,-10.23,-9.84,-9.07,-8.41,-8.09,-8,-8.21,-8.41,-9.66,-10.52,-8.97,-6.25,-5.35,-5.91,-7.34,-6.78,-8.6,-9.18,-8.87,-9.19,-9.26,-9.22,-9.35,-9.37,-9.27,-9.62,-9.78,-10.23,-10.26,-10.56,-11.03,-11.13,-9.91,-9.44,-9.29,-9.9,-10.1,-10.33,-11.01,-11.05,-10.81,-10.88,-8.04,-7.47,-8.38,-9.37,-10.73,-10.47,-10.36,-10.71,-9.85,-10.16,-10.81,-11.65,-12.8,-14.17,-14.32,-14.64,-13.95,-12.98,-12.71,-12.54,-12.7,-14.03,-13.72
-10.81,-10.1,-9.78,-7.78,-8.72,-9.81,-9.81,-9.69,-9.74,-9.8,-9.98,-10.66,-10.64,-10.12,-9.63,-9.65,-10.04,-10.05,-9.38,-9.43,-9.93,-10.45,-11.04,-9.4,-6.79,-6.09,-7.07,-6.29,-7.34,-7.25,-8.61,-9.37,-9.13,-9.56,-10.15,-10.6,-10.83,-11.3,-11.38,-11.11,-10.76,-10.6,-11.31,-11.67,-11.5,-10.66,-10.42,-10.59,-10.41,-10.96,-11.25,-10.82,-10.64,-10.43,-11.09,-11.36,-9.49,-7.95,-9.63,-9.43,-11.89,-11.62,-12.96,-12.09,-10.67,-11.36,-10.81,-12.21,-15.05,-14.51,-12.89,-11.34,-11.31,-10.08,-11.62,-11.37,-9.67,-11.08,-12.69
-10.65,-10.14,-10.34,-9.08,-9.53,-9.52,-8.84,-9.04,-9.78,-9.22,-9.84,-10.1,-9.56,-9.19,-10.02,-11.1,-11.57,-11.65,-11.55,-11.37,-10.64,-8.87,-7.15,-5.46,-5.69,-6.52,-7.24,-6.78,-7.32,-7.63,-9.5,-8.96,-9.13,-10.22,-11.19,-11.83,-12.31,-12.52,-12.6,-12.96,-13.23,-12.74,-12.29,-11.85,-11.01,-9.98,-9.62,-10.3,-11.08,-10.81,-10.19,-9.46,-10.17,-10.71,-11.61,-11.75,-11.76,-8.5,-9.22,-10.38,-11.48,-12.88,-13.3,-13.29,-12.44,-11.57,-11.3,-13.29,-13.38,-11.05,-9.65,-8.98,-9.32,-9.85,-11.32,-11.03,-10.79,-11.63,-12.19
-9,-9.32,-10.19,-9.5,-9.35,-9.2,-7.98,-7.67,-8.92,-8.62,-8.94,-9.18,-9.67,-11.48,-12.79,-13.01,-11.79,-10.6,-9.52,-9.1,-7.91,-6.9,-5.67,-6.13,-6.32,-6.65,-6.71,-6.8,-7.3,-7.39,-9.18,-9.2,-9.04,-10.24,-11.83,-12.32,-12.75,-12.24,-11.1,-10.09,-10.2,-9.88,-9.48,-8.97,-8.09,-7.4,-7.79,-8.97,-8.97,-8.66,-9.25,-8.76,-9.5,-9.99,-10.47,-10.91,-11.12,-8.41,-8.28,-10.02,-10.59,-10.29,-9.44,-8.87,-8.55,-8.23,-8.01,-8.16,-8.4,-8.52,-9.08,-9.9,-10.21,-10.38,-10.67,-10.48,-11.53,-12.38,-12.65
-8.26,-8.35,-9.4,-9.13,-8.44,-8.37,-8.21,-7.81,-8.26,-8.65,-8.76,-9.93,-11.94,-13.15,-12.18,-10.67,-9.79,-9.42,-8.35,-7.77,-6.88,-6.54,-6.59,-7.19,-7.17,-7.29,-7.44,-7.96,-8.43,-7.73,-8.12,-8.83,-9.5,-10.59,-11.49,-11.82,-11.17,-8.94,-7.59,-7.99,-9.22,-9.06,-9.16,-9.34,-9.54,-9.96,-10.4,-10.67,-9.62,-9.3,-9.12,-8.84,-9.16,-9.26,-9.1,-9.38,-8.79,-6.93,-7.24,-8.64,-9.32,-8.68,-8.21,-7.88,-7.87,-7.88,-8.32,-7.9,-8.93,-9.78,-10.1,-9.93,-10,-10.49,-11.04,-10.87,-11.04,-11.8,-11.97
-7.31,-7.6,-7.77,-8.27,-8.36,-8.09,-8.18,-7.88,-7.96,-8.78,-9.49,-11.3,-11.8,-11.76,-9.79,-8.39,-8.43,-8.72,-8.04,-7.6,-7.09,-6.6,-6.42,-6.35,-7,-7.5,-8.11,-8.9,-9.32,-8.98,-7.8,-7.99,-8.83,-9.86,-9.91,-9.6,-7.99,-6.18,-7.35,-8.73,-9.28,-9.34,-9.88,-10.36,-10.63,-10.99,-10.96,-11.08,-10.45,-9.5,-8.5,-8.57,-8.23,-8.09,-7.66,-7.24,-6.7,-6.7,-7.17,-7.69,-7.08,-6.59,-7.15,-7.59,-7.57,-7.22,-7.69,-8.23,-9.53,-10.49,-9.86,-9.56,-9.08,-9.38,-10.17,-9.81,-9.03,-8.57,-8.62
-6.41,-6.87,-6.52,-7.9,-8.41,-7.78,-7.47,-7.68,-8.81,-9.78,-10.82,-11.01,-10.12,-9.08,-7.41,-6.84,-7.65,-7.43,-7.09,-6.58,-6.5,-6.11,-6.33,-6.25,-6.9,-7.52,-8.1,-8.85,-9.6,-9.07,-7.81,-7.45,-7.7,-7.85,-7.42,-7.61,-7.27,-8.33,-9.32,-9.82,-10.74,-11.18,-11.35,-11.6,-11.44,-11.16,-11.04,-10.81,-9.95,-9.37,-8.64,-8.65,-8.51,-9.15,-9.02,-9.07,-8.43,-8.72,-8.31,-8.04,-8.59,-9.38,-9.88,-10.19,-9.94,-10.36,-10.7,-10.08,-10.48,-11.34,-10.37,-9.7,-9.55,-10.12,-11.17,-10.31,-9.93,-10.67,-11.52
-5.6,-5.74,-5.93,-7.06,-8,-7.37,-6.74,-7.38,-8.8,-10.47,-10.76,-9.63,-8.55,-7.04,-6.14,-6.52,-6.35,-6.52,-6.71,-6.6,-6.72,-6.76,-6.8,-6.78,-7.57,-8.07,-8.38,-8.51,-9.11,-9.29,-8.06,-7.02,-7.04,-7.79,-8.59,-9.27,-9.77,-9.93,-10.16,-10.93,-11.79,-11.89,-11.57,-11.8,-12.66,-12.88,-12.09,-11.59,-11.26,-10.91,-10.39,-10.01,-10.78,-11.35,-11.49,-10.58,-10.33,-10.86,-10.2,-10.77,-11.16,-10.86,-11.97,-11.73,-11.84,-12.36,-12.23,-11.86,-12.02,-12.22,-11.58,-11.35,-11.35,-11.85,-12.68,-12.38,-11.92,-11.78,-12.26
-4.47,-5.38,-5.42,-5.65,-7.01,-6.16,-6.52,-7.51,-8.61,-9.45,-8.56,-8.36,-6.89,-6.51,-6.55,-6.14,-6.57,-6.88,-6.94,-7.08,-6.96,-7.19,-7.62,-7.84,-8.16,-8.86,-9.11,-9.19,-9.18,-9.03,-8.46,-8.42,-8.81,-9.2,-9.54,-10,-10.3,-10.69,-11.12,-11.8,-12.07,-12.41,-12.81,-13.34,-13.51,-13.73,-13.4,-12.62,-12.04,-11.26,-10.77,-10.81,-11.41,-11.63,-11.8,-11.99,-11.37,-11.72,-11.29,-11.7,-12.25,-12.37,-12.39,-12.9,-13.13,-13.37,-13.4,-13.3,-13.51,-13.32,-12.76,-12.63,-12.73,-13.09,-13.19,-13.51,-13.56,-13.59,-13.55
-4.52,-4.82,-5.43,-5.12,-5,-5.57,-5.96,-7,-7.25,-8.5,-7.81,-6.72,-6.45,-7.07,-6.62,-7.09,-7.62,-7.58,-7.34,-7.47,-7.68,-8.03,-8.4,-8.73,-8.97,-9.27,-9.76,-10.19,-10.17,-10.53,-10.45,-10.39,-10.35,-10.28,-10.46,-10.7,-10.94,-11.42,-11.76,-12.17,-12.34,-12.91,-13.67,-13.85,-13.52,-13.35,-13.11,-12.66,-12.14,-11.59,-11.08,-10.77,-11.2,-11.99,-11.91,-12.33,-11.88,-12.99,-13.16,-13.39,-13.39,-12.81,-13.05,-13.71,-13.98,-13.9,-13.89,-13.81,-13.73,-13.28,-12.97,-13.15,-13.53,-13.68,-14.01,-14.4,-14.78,-14.55,-14.12
-4.23,-5.59,-4.81,-3.96,-3.89,-2.96,-3.82,-6.28,-7.66,-7.86,-6.87,-6.53,-6.98,-7.37,-6.92,-7.76,-7.99,-7.82,-7.63,-7.92,-8.36,-8.55,-8.97,-9.19,-9.55,-9.92,-10.64,-11.54,-11.86,-11.88,-11.53,-11.41,-11.08,-11.21,-11.59,-11.63,-11.59,-11.64,-11.93,-11.93,-11.86,-12.28,-12.94,-13.13,-12.91,-12.91,-12.83,-12.51,-12.3,-12.06,-11.72,-11.43,-11.61,-12.02,-12.26,-12.34,-12.44,-13.22,-14.04,-13.73,-13.65,-13.24,-13.32,-13.92,-14.02,-13.88,-13.89,-13.96,-13.8,-13.4,-13.17,-13.09,-13.46,-13.54,-13.95,-14.62,-15.06,-14.6,-14.24
-1.44,-3.96,-3.59,-1.87,-1.37,-0.33,-2.28,-5.44,-5.54,-5.73,-6.08,-6.94,-5.86,-7.26,-7.5,-6.89,-7.17,-7.78,-7.75,-8.08,-8.54,-8.91,-9.37,-9.75,-10.04,-10.63,-11.05,-11.77,-11.87,-11.75,-11.47,-11.35,-11.14,-11.41,-11.7,-11.69,-11.61,-11.47,-11.64,-11.14,-10.65,-10.92,-11.65,-12.29,-12.49,-12.58,-12.54,-12.4,-12.14,-11.72,-11.43,-11.43,-11.64,-12,-12.31,-11.61,-11.54,-12.12,-13.64,-13.67,-13.33,-12.83,-12.69,-13.09,-13.18,-13.43,-13.62,-13.46,-13.42,-13.34,-13.4,-12.49,-12.22,-12.64,-13.07,-13.68,-14.14,-13.64,-13.18
2.45,0.15,-0.26,0.18,-0.08,0.34,1.7,-0.25,-0.37,-1.17,-4.39,-3.83,-5.43,-4.87,-6.2,-5.79,-4.72,-7.21,-7.69,-8.05,-8.33,-8.88,-9.29,-9.71,-10.23,-10.89,-11.01,-11.63,-11.56,-11.21,-11,-10.89,-10.69,-10.79,-11.13,-11.32,-11.4,-11.18,-11.01,-10.3,-9.85,-9.73,-10.26,-11.02,-11.45,-11.56,-11.55,-11.39,-11.09,-10.85,-10.76,-10.81,-11.12,-11.46,-11.45,-11.23,-11.07,-11.33,-12.16,-12.55,-12.74,-12.32,-11.76,-12.38,-12.63,-12.99,-13.49,-13.4,-13.19,-13.26,-12.85,-12.59,-12.27,-12.22,-11.82,-11.89,-12.39,-12.68,-12.53
5.62,5.52,4.55,4.09,1.72,1.81,3.87,3.02,1.05,4.37,5.87,1.54,-0.53,-3.03,-5.16,-5.67,-4.66,-6.02,-7.38,-7.62,-8.08,-8.56,-8.88,-9.19,-10.04,-10.43,-10.47,-10.85,-10.79,-10.47,-10.38,-10.22,-10.44,-10.6,-11.07,-11.14,-11.06,-10.76,-10.56,-10.34,-10.02,-9.47,-9.3,-10.19,-10.78,-10.99,-11.12,-10.99,-10.57,-10.83,-10.49,-10.26,-10.6,-10.93,-11.12,-11.34,-10.95,-10.47,-10.42,-11.3,-11.83,-11.75,-11.53,-12.23,-12.46,-12.77,-13.4,-13.37,-13.05,-12.85,-12.48,-11.99,-11.67,-11.81,-11.61,-11.92,-12.18,-12.29,-11.72
7.93,7.86,6.93,6.57,8.46,10.61,9.57,8.82,5.46,6.38,6.23,4.32,4.29,1.55,-3.16,-4.76,-5.55,-4.62,-7.27,-6.17,-7.63,-7.85,-8.11,-8.58,-9.18,-9.57,-9.67,-9.87,-10.07,-10,-9.82,-9.84,-10.1,-10.17,-10.17,-10.33,-10.58,-10.6,-10.58,-10.26,-9.74,-9.18,-9.17,-9.86,-10.28,-10.23,-10.15,-10.48,-10.09,-9.81,-9.8,-9.55,-9.77,-10.52,-10.81,-10.73,-10.51,-10.14,-9.78,-9.9,-10.33,-10.42,-10.32,-10.79,-11.67,-12.4,-12.87,-13.13,-13.37,-12.74,-11.82,-11.35,-10.83,-10.87,-10.44,-11.6,-11.53,-12.03,-11.61
8.72,7.99,7.38,7.16,9.99,11.63,8.55,9.56,8.81,9.01,8.25,7.54,7.15,3.87,-0.76,-2.89,-4.67,-5.08,-7.14,-6.05,-6.82,-7.25,-7.48,-8.23,-8.52,-8.64,-8.84,-9.09,-9.24,-9.42,-8.94,-9,-9.24,-9.32,-9.28,-9.37,-9.85,-10.31,-10.48,-9.92,-9.26,-9,-9.29,-9.78,-9.86,-9.6,-9.64,-9.89,-9.71,-9.09,-9.24,-9.65,-10.17,-9.88,-9.83,-9.87,-9.5,-9.23,-9.04,-8.97,-9.04,-9.07,-9.04,-9.37,-10.32,-11.14,-11.78,-12.13,-12.4,-12.43,-11.55,-10.83,-10.43,-10.5,-9.52,-10.87,-11.08,-11.82,-11.54
7.98,7.93,8.92,11.46,12.26,11.06,8.41,8.46,9.13,10.05,10.65,10.48,8.33,2.48,0.71,-1.31,-3.63,-4.61,-6.2,-5.95,-6.37,-6.48,-7.22,-7.8,-7.74,-7.78,-8.11,-8.5,-8.6,-8.44,-8.24,-8.52,-8.98,-8.98,-8.57,-9,-9.46,-9.72,-9.38,-8.95,-8.37,-9.07,-9.06,-9.08,-9.31,-10.1,-9.64,-8.89,-7.51,-7.35,-8.55,-10.16,-10.26,-9.86,-9.44,-9.29,-9.12,-8.66,-8.01,-8.17,-8.44,-8.24,-8.13,-8.51,-9.02,-10,-10.71,-10.75,-11.03,-11.41,-11.14,-10.28,-9.92,-9.85,-9.69,-9.94,-10.16,-10.67,-10.74
8.59,10.25,13.38,11.77,10.66,10.95,9.25,8.33,9.26,10.24,11.22,9.72,4.86,0.62,0.31,-0.99,-2.95,-3.82,-5.09,-4.86,-5.16,-5.66,-6.54,-7.22,-7.11,-7.24,-7.65,-7.8,-7.29,-7.44,-7.83,-8.17,-8.05,-7.27,-7.7,-7.7,-8.17,-9.02,-7.28,-5.51,-6.55,-6.73,-7.79,-7.8,-8.2,-8.96,-7.91,-8.04,-7.84,-7.41,-7.98,-9.93,-10,-9.61,-8.72,-8.35,-8.36,-8.26,-7.85,-7.92,-8.78,-8.32,-7.63,-7.99,-8.64,-9.24,-10.33,-9.67,-9,-9.96,-10.36,-9.57,-8.86,-9.23,-8.95,-8.95,-9.37,-9.51,-9.61
11.02,10.96,10.4,8.98,8.03,7.7,7.26,5.53,5.94,6.78,6.84,4.93,-0.25,-0.69,-0.65,-1.35,-3.1,-3.25,-3.9,-3.81,-3.97,-4.32,-5.27,-5.91,-6.45,-6.06,-6.9,-7.15,-6.78,-6.59,-6.91,-7.65,-6.96,-5.73,-6.15,-6.69,-7.29,-7.23,-6.16,-5.29,-5.28,-5.46,-6.2,-6.41,-6.88,-6.4,-6.13,-6.45,-7.19,-7.42,-7.68,-9.09,-9.24,-8.64,-8.26,-7.84,-7.82,-8.06,-8.77,-8.42,-8.16,-7.76,-7.07,-6.93,-8,-9.14,-9.79,-9.33,-8.45,-8.74,-9.18,-8.72,-8.8,-8.91,-8.48,-8.29,-8.83,-9.09,-9.05
6.61,5.78,6.48,5.18,3.67,4.42,5.61,3.66,1.72,1.37,1.7,0.31,-1.84,-1.82,-1.51,-2.11,-2.65,-2.9,-3.01,-3.07,-3.32,-3.79,-3.91,-4.75,-5.56,-5.15,-4.99,-6.63,-6.58,-6.41,-6.16,-5.32,-3.35,-4.29,-4.52,-4.87,-5.7,-5.1,-4.52,-4.15,-4.22,-4.86,-4.47,-5.84,-5.34,-4.46,-5.46,-6.35,-6.43,-6.91,-7.73,-8.25,-7.99,-8.08,-8.79,-8.42,-7.86,-7.94,-8.53,-8.26,-7.81,-7.46,-7.42,-7.04,-8.01,-8.21,-8.97,-8.67,-8.01,-7.18,-7.92,-8.17,-8.69,-8.58,-8.16,-8.1,-8.31,-8.47,-8.51
0.57,1.79,2.08,2.63,2.27,2.43,2.52,1.11,0.22,0.36,-1.21,-2.67,-3.45,-3.25,-2.64,-2.63,-2.73,-3.08,-2.53,-2.55,-1.97,-2.57,-3.19,-3.76,-3.64,-5.7,-5.43,-5.72,-5.58,-5.21,-4.34,-2.69,-1.99,-3.96,-3.52,-3.46,-3.82,-4.98,-4.57,-3.85,-3.36,-3.44,-3.63,-4.94,-3.36,-2.94,-5.25,-6.6,-5.85,-7.33,-8.31,-7.7,-7.86,-8.5,-8.58,-8.59,-8.03,-8.28,-8.16,-7.57,-7.12,-7.37,-7.83,-8.43,-8.19,-7.25,-7.57,-7.9,-7.16,-7.57,-8.03,-8.08,-8.39,-8.1,-7.9,-7.85,-7.56,-8.36,-8.38
-3.45,-3.74,-2.93,-2.95,-2.53,-2.52,-2.26,-2.83,-3.93,-3.59,-4.83,-5.69,-5.43,-4.56,-3.7,-3.61,-3.32,-3.19,-2.75,-2.36,-1.56,-1.81,-2.62,-1.64,-1.65,-3.88,-4.84,-4.91,-4.3,-4.95,-4.21,-3.52,-2.5,-2.01,-1.81,-2.62,-3.75,-4.14,-4.2,-3.48,-2.16,-2.21,-2.38,-1.61,-1.46,-2.93,-4.94,-6.25,-6.52,-7.05,-7.59,-9.04,-7.64,-7.34,-8.53,-7.8,-7.75,-7.93,-8.29,-8.17,-8.37,-8.84,-8.73,-8.28,-8.12,-8.06,-7.77,-7.53,-7.55,-7.47,-7.16,-6.86,-7,-7.27,-7.44,-7.29,-6.94,-7.51,-7.82
-5.89,-7.94,-6.67,-7.31,-6.59,-6.26,-5.94,-6.97,-8.09,-7.75,-7.43,-7.13,-6.73,-6.41,-6.41,-5.99,-4.65,-3.48,-3.22,-2.62,-2.26,-2.26,-1.79,-0.74,-1.77,-3.08,-3.61,-3.97,-3.64,-4.69,-4.29,-3.8,-2.57,-1.72,-2.77,-1.71,-3.32,-3.94,-3.71,-2.8,-2.38,-2.48,-1.76,-2.28,-3.07,-2.89,-3.23,-3.77,-5.26,-6.38,-5.55,-8.66,-7.9,-7.26,-8.15,-8.11,-8.01,-8.66,-8.16,-7.52,-7.89,-8.47,-8.42,-8.11,-7.97,-7.1,-7.09,-7.27,-7.17,-6.89,-6.57,-6.81,-6.66,-7.07,-7.32,-6.95,-6.46,-6.92,-7.59
-6.94,-7.79,-7.95,-7.71,-7.81,-7.82,-7.51,-10.1,-11.19,-10.53,-9.79,-9.57,-9.2,-8.38,-6.99,-5.98,-4.86,-3.94,-3.03,-3.45,-3.84,-3.12,-2.48,-2.49,-1.65,-2.25,-2.19,-3.76,-4.69,-3.88,-3.96,-3.48,-3.23,-2.91,-2.6,-2.21,-2.55,-3.27,-3.08,-2.63,-3.06,-3.26,-3.34,-4.28,-4.26,-2.33,-2.98,-3.75,-5.59,-5.75,-5.63,-8.4,-9.56,-9.27,-8.81,-8.2,-8.7,-8.94,-8.75,-8.91,-8.05,-7.37,-7.17,-7.17,-7.35,-7.86,-8.36,-8.14,-7.7,-7.25,-7.4,-7.4,-6.98,-7.39,-7.32,-6.77,-6.32,-6.5,-7.93
-8.24,-7.18,-6.92,-6.92,-7.79,-8.09,-8.87,-7.56,-10.41,-10.17,-9.8,-9.51,-8.23,-6.99,-6.5,-5.89,-5.48,-5.84,-4.69,-4.33,-3.92,-3.6,-3.13,-2.51,-2.26,-0.58,-0.49,-3.11,-3.46,-4.55,-4.78,-3.56,-3.74,-2.92,-2.67,-3.04,-1.96,-2.7,-3.19,-2.81,-2.39,-3.09,-3.42,-3.32,-3.08,-2,-3.52,-3.06,-4.73,-5.18,-5.97,-8.48,-10.13,-9.42,-8.62,-8.72,-8.91,-9.03,-9.37,-9.01,-8.57,-8.79,-8.96,-8.85,-8.89,-8.6,-8.62,-8.37,-7.91,-7.63,-7.58,-7.43,-7.26,-7.15,-6.98,-6.88,-6.58,-6.81,-7.45
