gfs.json
{"header": {"discipline":0,"disciplineName":"Meteorological products","gribEdition":2,"gribLength":134257,"center":7,"centerName":"US National Weather Service - NCEP(WMC)","subcenter":0,"refTime":"2014-01-17T06:00:00.000Z","significanceOfRT":1,"significanceOfRTName":"Start of forecast","productStatus":0,"productStatusName":"Operational products","productType":1,"productTypeName":"Forecast products","productDefinitionTemplate":0,"productDefinitionTemplateName":"Analysis/forecast at horizontal level/layer at a point in time","parameterCategory":2,"parameterCategoryName":"Momentum","parameterNumber":3,"parameterNumberName":"V-component_of_wind","parameterUnit":"m.s-1","genProcessType":2,"genProcessTypeName":"Forecast","forecastTime":9,"surface1Type":100,"surface1TypeName":"Isobaric surface","surface1Value":85000,"surface2Type":255,"surface2TypeName":"Missing","surface2Value":0,"gridDefinitionTemplate":0,"gridDefinitionTemplateName":"Latitude_Longitude","numberPoints":65160,"shape":6,"shapeName":"Earth spherical with radius of 6,371,229.0 m","gridUnits":"degrees","resolution":48,"winds":"true","scanMode":0,"nx":360,"ny":181,"basicAngle":0,"subDivisions":0,"lo1":0,"la1":90,"lo2":359,"la2":-90,"dx":1,"dy":1}, "data":
[rows 70 to 104 of 181, columns 240 to 319 of 360]
0.75,0.96,1.22,1.63,1.81,1.08,-0.39,-0.73,-0.18,0.19,0.46,0.59,-0.29,-1.53,-2.78,-2.77,-2.03,-1.89,-1.18,-1.73,-1.27,-1.02,-1.36,-0.24,1.33,-0.06,-1.49,-2.16,-2.06,-1.38,-0.35,1.95,3.3,-0.71,-1.05,1.81,1.42,1.65,2.1,3.02,2.81,5.64,4.95,3.53,2.64,1.42,0.52,-0.35,2.69,6.76,7.03,4.75,4.13,4.44,4.13,4.5,4.48,3.62,3.52,3.26,2.38,1.67,1.64,1.42,1.71,3.25,5.46,6.63,6.29,5.93,5.65,5.3,4.69,4.29,3.01,2.52,0.59,-1.45,-1.19,-1.56
0.4,1.04,1.89,2.48,2.21,1.18,0.22,0.52,1.12,0.98,0.73,0.36,-0.66,-2.05,-3.15,-5.71,-2.7,-1.59,-1.55,-1.09,-1.53,-2.23,-0.95,-1.41,-1.36,-1.61,-1.92,-1.92,-1.01,-0.35,0.52,3.98,2.41,-3.06,-0.92,0.16,-0.83,-0.6,0.07,0.08,4.35,4.05,3.34,3.85,2.89,1.34,0.68,1.66,3.29,3.04,7.01,5.83,4.59,4.18,3.97,3.54,3.68,3.56,3.18,2.87,2.58,1.98,1.6,1.84,3.13,4.82,5.88,5.79,6.11,6.4,6.86,7.02,5.57,3.29,1.65,1.54,1.16,-0.01,-0.98,-2.2
0.67,1.3,2.15,2.74,2.73,2.17,1.7,1.51,1.37,1.11,0.6,-0.31,-1.12,-1.36,-1.84,-3.96,-5.33,-2.6,-2.49,-0.56,-0.91,-0.9,0.32,-1.25,-2.16,-5.22,-4.56,-0.55,1.16,1.52,1.73,4.44,0.76,-1.99,-0.5,-1.39,-2.39,-0.82,-1.28,0.11,3.93,3.62,3.92,3.22,2.84,2.13,2.84,3.68,4.03,3.95,4.18,5.21,4.92,4.35,3.3,2.98,2.96,2.87,3.05,2.71,2.17,2.64,3.56,4.18,4.22,4.28,4.84,5.2,6.06,6.47,7.25,7.14,6.19,4.84,3.65,2.57,1.37,1.14,0.94,-2.02
1.3,1.72,1.88,2.08,2.35,2.01,1.56,1.55,1.57,1.23,0.41,-0.22,-0.65,-1.12,-1.47,-2.47,-3.61,-4.19,-3.15,-2.37,-1.02,-0.63,-0.9,-1.84,-3.15,-11.45,-3.62,-1.79,0.8,2.69,2.24,2.45,-0.82,-2.76,-2.04,-1.89,-2.22,-1.2,-2.67,0.54,3.14,3.65,3.5,2.57,2.09,2.97,3.23,3.7,3.85,2.76,2.95,3.68,3.97,3.16,2,2.12,2.08,2.25,2.48,1.89,2.53,4.16,4.18,3.78,3.54,4.05,4.3,5.16,6.16,6.62,6.23,5.54,5.45,5.01,3.95,3.15,1.64,0.35,0.06,-2.09
1.11,1.14,1.31,1.56,1.75,1.53,1.51,1.48,1.23,0.66,0.25,0.13,-0.1,-0.73,-1.43,-2.13,-2.04,-2.61,-2.39,-2.25,-1.73,-0.66,-1.59,-0.72,-0.74,-6.03,-0.23,-0.77,-0.08,1.71,1.17,-0.1,-2.09,-4.77,-5.53,-5.87,-5.73,-4.57,-2.1,1.21,1.76,1.61,1.02,1.59,2.15,2.32,2.6,2.66,3,3.37,3.99,4.12,3.43,2.17,1.05,1.28,1.81,1.85,0.77,0.91,2.5,3.05,2.94,3.28,4.27,4.58,4.55,5.71,5.77,6.17,5.64,4.58,4.01,3.54,2.48,1.04,0.12,-1,-2.97,-4.18
1.34,1.04,1.02,1.12,1.16,1.08,0.84,0.65,0.72,0.76,1.01,1.28,0.97,0.06,-1,-2.19,-2.57,-1.84,-1.58,-1.52,-0.97,0.58,0.9,-0.24,-0.33,-0.79,0.13,-2.61,0.3,-1.22,-2.9,-1.81,-2.24,-3.18,-4.95,-8.99,-10.4,-6.73,-1.36,0.04,0.83,0.89,-0.28,0.47,1.8,2.11,2.37,2.6,3.13,3.48,3.23,2.62,1.81,1.19,1.25,1.09,0.48,-0.1,0.28,0.79,1.14,1.78,3.13,3.83,5.1,4.04,4.94,5.16,5.65,5.87,5.53,4.66,3.4,1,-0.56,-1.17,-1.94,-2.97,-3.18,-2.92
1.59,1.3,0.78,0.56,0.42,0.79,1.05,1.01,1.35,1.51,1.5,2.05,1.75,0.65,-0.8,-2.04,-2.12,-1.58,-1.57,-0.84,-0.08,0.35,0.52,0.35,-0.37,-1.22,-0.85,-0.67,-0.3,0.19,-0.95,-1.54,-4.56,-5.07,-6.64,-11.72,-10.76,-5.94,-1.99,-0.97,-1.33,-1.44,-0.87,0.05,0.67,1.72,2.38,3.05,3.75,4.06,4.12,3.59,3.02,2.98,2.57,1.74,1.19,1.25,1.63,1.8,3.16,4.25,4.39,4.94,4.76,3.32,4.49,4.67,4.4,3.73,3.02,2.83,2.44,2.13,2.15,0.6,-0.61,-1.66,-2.57,-2.71
1.23,1.23,0.92,0.89,0.85,0.83,0.61,1.16,1.75,2.22,2.71,2.94,2.38,1.13,-0.78,-1.97,-1.81,-1.29,-1.37,-1.73,-1.16,-0.05,0.82,0.71,-0.68,-1.26,-0.2,0.09,-0.38,0.04,-0.92,-1.4,-2.49,-2.81,-9.97,-11.47,-9.77,-4.23,-2.4,-2.49,-1.98,-2.44,-2.4,-1.24,0.27,1.12,2.62,4.31,4.81,4.74,4.2,4.32,3.86,3.92,3.58,3.11,2.9,2.36,2.32,2.83,3.09,2.44,2.91,4.13,2.91,3.24,4.01,4.01,3.69,2.99,2.47,1.61,0.73,0.44,0.38,0.64,0.28,-0.84,-1.4,-2.48
1.59,1.52,1.04,1.13,0.86,0.42,0.62,1.5,1.47,1.18,1.07,2.11,1.99,1.31,-0.02,-1.26,-2.05,-1.9,-1.63,-1.23,-0.66,0.09,1.14,1.09,-0.01,-0.69,-0.41,-1.11,-0.97,-0.16,-1.17,-2.79,-3.29,-3.51,-5.37,-9.84,-7.16,-3.12,-3.13,-2.92,-2.73,-2.72,-2.56,-1.03,0.66,2.3,2.73,2.99,4.49,5.14,4.39,3.83,3.91,3.34,4.96,4.07,4.4,2.82,2.54,2.52,1.76,1.41,2.83,2.52,2.35,3.7,3.76,3.63,3.16,2.74,2.29,1.2,0.64,0.64,-0.6,0,0.14,-1.19,-2.37,-2.45
0.86,0.86,1.11,0.44,-0.04,0.24,0.77,0.87,0.24,0.62,0.84,1.58,0.94,-0.32,-1.23,-1.77,-1.51,-1.29,-1.16,-1.13,-1.22,-0.72,0.57,0.96,0.12,-1.04,-1.76,-1.42,0.16,0.08,-2.31,-4.38,-5.49,-6.18,-4.87,-5.93,-5.54,-2.49,-2.8,-3.7,-3.9,-3.8,-2.64,-0.25,2.7,3.91,0.64,2.52,2.69,3.73,6.71,3.15,2.56,2.86,2.88,2.77,1.59,1.89,1.59,0.73,0.5,1.82,2.53,2.03,2.94,3.36,3.55,3.72,3.36,2.62,2.33,2.76,3.19,3.01,0.32,-0.17,-1.02,-1.54,-2.25,-2.58
1,1.13,0.75,0.28,-0.08,0.07,0.4,0,-0.27,-0.07,0.57,0.89,0.68,0.1,-0.42,-0.77,-1.1,-1.25,-1.37,-1.33,-1.27,-0.69,0.6,0.8,-0.11,-1.54,-2.21,-1.25,-0.67,-0.89,-2.83,-4,-4.33,-2.81,-1,-3.27,-2.25,-4.45,-4.09,-3.65,-4.43,-3.62,-1.47,0.47,0.64,3.15,0.81,0.75,1.47,1.78,3.67,4.44,1.26,1,1.08,0.98,0.47,0.5,1.33,0.82,2.39,2.21,1.83,1.56,2.28,2.7,2.84,2.84,2.13,1.83,3,2.98,2.98,-0.33,-2.11,-1.26,-1.42,-1.53,-2.04,-2.2
1.41,0.67,0.29,-0.28,-0.81,-0.68,0.13,1.47,1.03,1.16,0.97,0.74,0.54,0.27,-0.34,-0.35,0.07,0.35,1.28,1.57,0.82,0.15,0.03,-0.53,-1.46,-2.1,-2.83,-2.97,-1.84,-1.93,-2.95,-2.99,-2.52,-1,0.92,-0.7,-3.6,-2.44,-7.28,-8.05,-8.56,-6.84,-4.67,-1.46,-0.75,1.04,0.83,2.57,2.23,-0.2,0.23,1.21,0.78,0.9,0.75,1.42,0.98,0.63,0.16,0.56,2.48,2.13,0.71,0.91,1.38,1.98,2.05,2.14,1.38,0.87,0.26,-0.33,-1.76,-4.49,-2.87,-2.53,-2.76,-2.25,-1.85,-1.86
0.7,-0.08,-0.38,-0.66,-0.52,-0.13,1.36,1.85,1.24,1.64,2.32,1.25,0.45,0.21,0.02,-0.2,0.07,1.41,1.82,1.07,0.18,-0.11,-0.86,-1.9,-2.94,-3.87,-4.01,-3.02,-1.36,-0.67,-1.28,-1.46,-1.17,0.1,0.51,-0.12,-2.22,-5.18,-6.61,-9.88,-8.46,-7,-5.77,-4.69,-0.53,1.28,0.81,-0.72,2.88,-2.92,-2.43,-1.44,0.09,0.9,1.75,1.76,1.53,1.09,0.86,0.18,-0.06,0.72,-0.14,0.3,1.96,2.14,2.05,1.48,0.52,-0.84,-1.88,-2.84,-3.68,-3.39,-3.01,-3.58,-2.95,-2.02,-2.13,-2.09
-0.62,-0.96,-1.12,-0.63,0.31,1.36,1.81,2.04,1.69,2.16,2.42,1.29,0.59,0.3,0.24,0.34,0.59,1.44,0.99,0.5,-0.1,-0.26,-0.72,-2.33,-3.2,-4.05,-3.6,-2.16,0.2,0.34,-0.64,-0.01,0.54,0.93,0.37,-0.87,-3.36,-6.57,-6.78,-9.06,-6.99,-6.18,-3.46,-2.05,-0.37,2.18,0.79,-0.32,0.14,-5.25,-5.68,-1.29,0.53,0.4,2.88,2.43,0.52,0.48,0.99,0.31,-0.65,-0.89,0.12,-0.27,0.47,1.05,-0.46,-0.68,-0.4,-1.36,-2.75,-3.43,-3.31,-2.82,-3.14,-2.9,-1.99,-1.79,-1.48,-1.65
-1.21,-1.02,-0.77,-0.27,0.83,1.8,1.6,0.33,-0.08,0.75,1.69,1.31,0.68,0.19,0.28,0.35,0.71,0.69,-0.27,-0.71,-0.27,-1.07,-1.37,-1.94,-3.17,-3.43,-2.49,-0.7,0.13,-0.43,-0.47,-0.43,-0.34,-0.76,-1.48,-2.72,-5.2,-6.73,-7.93,-10.35,-7.28,-6.59,-2.87,1.99,0.04,1.37,-0.32,1.14,-4.46,-8.02,-6.83,-2,1.11,1.03,-0.12,-0.56,-0.47,-0.14,-0.24,1.47,-0.06,-1.63,-1.67,-1.24,-0.52,0.41,1.35,0.49,-1.14,-2.67,-3.06,-3.06,-2.25,-1.73,-2.49,-3.04,-2.25,-1.35,-1.03,-0.88
-1.12,0.22,0.52,0.97,1.07,1.18,1.22,-0.28,-1.92,-1.56,-0.37,-0.07,0.42,-0.19,-0.67,-0.82,-0.62,-0.43,-0.96,-1.18,-1.48,-1.19,-1.53,-1.38,-1.72,-2.22,-1.94,-2.14,-2.27,-0.76,-0.15,-0.54,-1.4,-1.89,-2.56,-3.26,-4.48,-6.03,-7.94,-10.17,-5.74,-4.69,-1.32,1.12,-0.44,3.38,1.29,0.86,-8.14,-7.66,-5.87,-2.72,2.31,0.54,-0.68,-1.66,-1.46,0.28,0.11,-2.53,-3.98,-3.02,-2.41,-1.58,-1.73,-1.44,-0.96,-0.68,-1.11,-2.19,-2.34,-2.34,-1.9,-2.55,-2.96,-2.98,-2.38,-1.09,-0.75,-0.3
0.41,0.95,1.34,1.16,-0.1,-0.09,0.12,-0.74,-1.87,-2.33,-2.82,-1.73,-0.93,-0.49,-1.14,-1.92,-2.04,-1.57,-1.51,-1.63,-1.76,-1.68,-1.25,-2,-2.14,-1.98,-1.36,-0.93,-1.01,-0.48,-0.27,-1.95,-2.33,-2.62,-2.99,-3.34,-4.05,-5.44,-7.16,-8.48,-6.24,-3.25,-0.48,0.6,0.62,4.39,1.19,-6.08,-7.72,-7.15,-5.54,-2.93,1.14,-0.1,1.26,-1.06,-0.49,-0.44,-1.16,-3.81,-4.19,-4.28,-2.85,-2.1,-1.83,-1.81,-1.89,-2.3,-1.84,-0.65,-1.51,-1.22,-0.42,-0.88,-1.26,-2.03,-1.47,-0.97,-1.04,-0.67
1.3,1.54,1.57,0.78,-0.05,-0.55,-0.74,-0.99,-1.12,-1.51,-1.65,-1.85,-2.76,-2.84,-3.37,-3.11,-1.65,0.16,-0.49,-1.48,-2.32,-1.53,0.62,-1.53,-1.9,-1.38,-0.74,-0.71,-0.96,-1.68,-1.26,-1.17,-0.72,-1.88,-3.08,-3.87,-4.64,-5.38,-7.3,-7.62,-5.13,-2.71,-0.11,-0.73,2.12,1.77,-3.44,-6.2,-7.65,-7.31,-4.74,-1.95,0.05,0.49,-1.35,-2.37,-1.73,-2.64,-4.15,-4.45,-4.05,-3.4,-2.28,-2.34,-2.31,-1.96,-2.3,-2.38,-2.8,-2.5,-1.85,-1.37,-1.74,-2.24,-1.97,-1.18,-0.73,-0.4,-0.39,-0.81
1.34,1.62,1.73,0.85,-0.26,-0.82,-0.82,-0.73,-0.73,-0.91,-1.05,-1.68,-2.97,-3.43,-4.7,-4.58,-3.46,-2.59,-3.07,-3.39,-2.68,-0.47,-2.29,-2.28,-1.44,-1.2,-1.27,-0.82,-1.53,-2.07,-2.77,-2.24,-1.95,-2.56,-3.07,-3.08,-3.19,-5.09,-6.87,-6.49,-4.88,-2.29,1.06,1.69,0.59,-1.17,-3.27,-6.51,-7.64,-6.17,-4,-1.86,-0.68,-1.37,-2.47,-1.7,-2.34,-4.62,-4.82,-5.01,-4.84,-3.32,-2.06,-1.47,-2.11,-2.47,-2.77,-2.52,-2.99,-3.55,-3.46,-3.09,-2.39,-2.01,-1.89,-1.99,-2.08,-2.07,-1.92,-1.7
1.29,1.12,1.14,0.42,-0.2,-0.4,-0.4,-0.38,-0.42,-0.77,-1.22,-1.91,-3.11,-3.82,-4.63,-3.78,-2.71,-2.91,-3.21,-3.51,-2.42,-1.7,-3.06,-2.28,-1.09,-0.96,-2.15,-2.63,-3.24,-3.47,-3.41,-2.77,-2.93,-3.31,-2.5,-2.42,-2.56,-4.07,-5.97,-5.53,-4.17,-1.04,-0.65,2.31,-0.36,-2.71,-6.42,-5.87,-5.15,-3.64,-2.99,-2.46,-2.51,-1.7,-0.8,-1.51,-2.74,-3.5,-4.57,-3.4,-3.71,-3.03,-2.91,-2.09,-2.14,-1.82,-2.66,-2.82,-3.43,-4.17,-3.8,-2.66,-2.24,-1.65,-1.62,-1.92,-2.18,-2.05,-2.17,-1.82
0.7,0.58,0.82,0.66,0.67,0.41,0.19,0.06,-0.16,-0.55,-1.15,-2.08,-2.84,-3.3,-3.13,-2.71,-2.75,-3.57,-3.57,-3.46,-2.9,-3.32,-2.59,-1.68,-1.11,-1.8,-2.76,-2.81,-2.95,-3.29,-3.38,-1.97,-1.94,-1.88,-1.19,-0.93,-1.41,-1.92,-3.45,-0.79,-2.68,-0.98,1.42,-1.29,1.03,-3.54,-4.75,-4.15,-3.44,-1.9,-2.17,-2.41,-1.94,-2.38,-3.2,-1.98,-2.12,-2.27,-2.83,-3.01,-3.14,-3.25,-2.92,-2.64,-1.96,-2.09,-2.52,-2.51,-2.59,-3.54,-3.2,-2.35,-1.9,-1.08,-0.81,-0.79,-1.06,-1.68,-2.23,-1.99
1.71,2.18,1.35,0.86,1.12,0.6,0.33,0.34,-0.26,-0.99,-1.51,-1.77,-1.92,-2.39,-2.88,-3.22,-3.39,-3.03,-3.2,-3.85,-3.87,-3.75,-3.72,-2.72,-2.39,-2.19,-2.81,-3.59,-3.61,-3.43,-2.19,-1.26,-0.82,-0.32,-0.06,0.39,-0.27,-1.47,-1.39,-0.29,0.28,-0.26,0.44,-1.45,-1.48,-2.87,-3.01,-2.86,-2.52,-1.82,-1.52,-1.99,-3.01,-4.08,-3.11,-3.82,-3.22,-3.27,-3.04,-3.1,-3.24,-3.12,-2.96,-2.97,-2.58,-2.55,-1.99,-2.13,-3.04,-2.62,-2.65,-3.08,-2.24,-1.74,-0.85,-0.28,-0.27,-0.5,-0.7,-1.17
2.04,1.93,1.97,1.3,0.43,0.22,0.35,0.49,-0.32,-1.19,-1.7,-1.61,-1.89,-2.6,-3.13,-3.42,-3.15,-2.65,-2.8,-3.23,-3.86,-3.85,-3.11,-2.61,-2.56,-2.58,-3.29,-2.95,-3.25,-1.7,-0.35,-1.18,-0.08,0.26,0.22,0.66,0.55,0.56,0.7,0.42,0.91,-0.28,-2.16,-1.59,-1.74,-2.87,-2.32,-1.89,-2.15,-1.44,-0.67,-1.73,-2.63,-3.45,-4.43,-4.4,-4.41,-4.51,-4.62,-4.79,-4.49,-4.27,-4.52,-4.48,-3.39,-3.35,-2.82,-1.81,-1.24,-1.25,-1.24,-1.53,-1.88,-2.13,-1.7,-0.8,-0.3,-0.03,-0.92,-1.51
1.72,1.82,2.17,1.91,1.22,0.9,0.98,0.56,-0.03,-1.03,-1.64,-2.06,-2.44,-2.63,-2.83,-2.78,-2.67,-2.94,-3.22,-3.19,-3.57,-3.57,-3.03,-3.19,-3.16,-3.23,-2.97,-2.44,-1.93,-0.66,-0.36,0.36,-0.03,0.09,0.56,0.5,0.55,0.54,0.62,1.49,1.04,0.73,-2.63,-1.54,-2.6,-3.42,-1.47,-0.46,-1.42,-1.87,-1.17,-1.21,-1.65,-2.97,-2.9,-4.4,-4.57,-4.49,-5.82,-6.15,-5.55,-5.03,-5.44,-4.61,-3.86,-2.87,-2.44,-2.81,-2.05,-1.69,-2.07,-2.24,-1.98,-2.19,-2.19,-2.62,-1.43,-1.47,-1.05,0.11
2,1.99,2.03,1.9,1.62,1.41,1.07,0.45,-0.4,-0.92,-1.08,-1.17,-1.6,-2.68,-2.85,-2.96,-3.29,-3.76,-3.73,-3.48,-3.59,-3.69,-3.78,-3.91,-3.86,-3.24,-2.5,-1.82,-1.01,-0.8,-0.57,-0.23,0.06,0.21,-0.04,-0.43,0.3,0.41,1.39,1.07,1.13,-0.96,-0.75,-2.39,-1.65,-0.58,-0.04,-0.21,-1.68,-1.82,-2.02,-1.45,-1.76,-2.83,-2.26,-3.29,-4.51,-4.44,-5.12,-5.79,-5.04,-4.7,-4.62,-4.32,-3.89,-3.11,-2.76,-2.53,-2.75,-2.83,-2.62,-2.44,-1.92,-2.03,-1.89,-1.74,-1.42,-0.54,-0.35,-0.19
2.77,2.68,2.43,2.21,2.12,1.87,1.45,0.97,1.25,1.33,1.23,0.63,-0.91,-1.23,-2.13,-3.12,-3.85,-4.29,-4.08,-3.84,-3.84,-3.88,-3.83,-4.05,-3.75,-2.8,-2.13,-1.33,-0.93,-0.91,-0.81,-0.54,0.11,0.54,0.44,-0.71,-1.26,-0.12,2.16,1.95,1.2,1.46,-0.76,-0.83,-0.54,0.15,0.42,0.18,-1.74,-0.99,-1.3,-2.63,-2.37,-2.36,-2.64,-4.39,-4.95,-5.31,-5.89,-5.13,-5.01,-4.59,-4,-3.79,-2.95,-1.91,-1.92,-2.07,-2.11,-3.53,-3.69,-2.28,-2.17,-2.33,-2.76,-2.37,-1.78,-0.48,-0.28,-0.75
1.75,2.14,2.44,2.6,2.4,2.06,2.23,1.88,1.48,1.23,1.17,1.28,1.58,1.05,-0.73,-1.96,-2.85,-3.18,-3.58,-3.5,-3.2,-2.82,-2.5,-3.42,-3.69,-3.02,-2.41,-1.69,-1.26,-1.2,-1.43,-1.16,-0.73,-0.52,1.05,1.08,-1.2,-0.05,1.52,1.42,0.47,-3.05,-1.41,0.4,0.49,0.68,0.17,0.34,-1.2,-0.73,-0.92,-2.88,-3.02,-2.16,-2.64,-4.59,-5.59,-5.63,-6.26,-5.72,-4.15,-3.46,-3.78,-3.11,-2.87,-2.71,-2.17,-2.04,-2.84,-2.59,-2.67,-2.24,-2.09,-2.79,-3.73,-3.16,-2.73,-1.32,-0.86,-1.79
0.86,1.05,1.41,1.69,2.06,2.48,2.4,2.36,2.03,1.86,1.69,1.52,1.27,1.26,1.04,-0.07,-1.38,-2.09,-2.18,-2.29,-2.38,-2.58,-2.7,-3.12,-3.4,-3.12,-2.86,-2.62,-2.26,-2.14,-2.34,-2.41,-2.27,-1.69,-2.06,-1.58,-1.39,-0.85,0.23,0.25,0.43,-0.16,-1.46,-0.29,2.13,1.19,1.16,0.79,-0.17,-0.1,-0.02,-1.36,-2.72,-1.88,-2.29,-3.6,-5.08,-5.76,-5.73,-4.93,-4.5,-3.84,-3.19,-2.54,-2.79,-3.01,-2.45,-3.2,-2.86,-2.74,-2.17,-2.49,-2.6,-2.09,-1.08,-1.02,-0.84,-1.84,-1.35,-1.19
1.29,1.71,2.01,2.16,1.95,1.76,2.01,2.11,2.26,2.11,1.87,1.84,1.22,1.22,1.85,1.22,0.35,-0.19,-0.93,-1.48,-1.82,-2.16,-2.68,-2.97,-3.03,-2.9,-3.15,-3.55,-3.27,-2.74,-3.21,-3.64,-3.83,-3.4,-3.21,-2.53,-1.27,-0.95,-0.79,-0.6,0.57,0.14,-2.68,-1.55,1.78,2.24,1.84,-0.05,-0.56,-0.52,0.53,-2.25,-2.57,-1.76,-1.86,-3.78,-5.52,-5.25,-4.16,-4.18,-4.81,-2.58,-1.87,-2.15,-2.22,-2.75,-3.31,-3.05,-3.21,-3.16,-3.07,-2.8,-2.83,-1.96,-0.87,-0.64,-0.67,-1.84,-2.1,-1.05
1.21,1.39,1.37,1.33,1.56,1.69,1.86,1.96,2.17,2.3,2.14,1.77,1.14,0.8,1.24,1.26,1.72,1.05,0.26,-0.31,-0.79,-1.31,-1.95,-2.79,-2.96,-2.98,-2.96,-3.17,-3.3,-2.92,-2.88,-3.28,-3.6,-3.72,-3.59,-3.26,-2.57,-1.89,-1.79,-1.48,-1.18,-0.19,0.11,-1.4,-0.33,1.35,3.06,-0.16,-1.49,-1.47,-3.06,-3.28,-1.82,-0.86,-3.03,-5.5,-5.9,-4.2,-4.09,-4.63,-3.72,-2.63,-2.15,-2.31,-4.02,-4.04,-3.63,-3.24,-2.9,-2.23,-2.52,-2.67,-2.18,-2.12,-1.59,-1.76,-2.68,-1.96,-1.16,-0.44
1.59,1.72,1.64,1.75,2,2.24,2.05,2.11,2.03,1.98,2.4,2.51,1.79,1.13,1.03,0.63,1.23,1.54,1.02,0.39,0.14,-0.36,-0.91,-1.56,-2.01,-2.03,-2.17,-2.52,-2.91,-3.15,-3.42,-3.45,-3.39,-3.47,-3.4,-3.01,-2.68,-2.21,-1.97,-2.07,-2.4,-1.77,0.99,-2.85,-2.74,0.14,3.3,1.11,-2.43,-2.2,-3.17,-2.75,-2.37,-0.49,-1.86,-5.24,-5.87,-4.66,-3.31,-4.2,-3.37,-2.86,-2.52,-2.39,-4.07,-2.81,-2.67,-2.16,-2.4,-1.83,-2.05,-2.09,-1.69,-2.16,-2.4,-2.66,-1.79,-1.54,-0.77,0.25
1.98,2.26,2.24,1.85,1.43,1.68,2.38,2.4,2.07,2.01,2,2.08,2.32,2.19,1.63,0.93,0.86,1.16,1.46,1.2,0.46,0.18,-0.01,-0.47,-0.93,-1.33,-1.76,-2.28,-2.78,-3.38,-3.59,-3.84,-3.91,-3.8,-3.54,-3.2,-2.72,-2.5,-2.6,-2.6,-3.05,-3.41,-2.07,0.36,-0.42,-0.07,1.8,1.55,-0.62,-1.36,-1.87,-2.99,-2.56,-1.23,0.2,-2.3,-5.26,-4.68,-4.57,-4.05,-3.21,-3.3,-3.26,-2.98,-2.62,-2.16,-1.87,-2.05,-1.52,-2.64,-2.33,-1.67,-1.44,-1.69,-2.31,-3.63,-2.65,-0.9,0.71,1.25
2.74,2.42,2.45,2.23,1.93,1.59,1.78,2.05,1.85,1.82,1.55,1.79,1.75,2.13,2.05,1.1,0.83,1.42,1.84,1.95,2.11,1.46,0.59,-0.16,-0.56,-0.55,-0.38,-0.86,-1.82,-2.62,-2.76,-3.22,-3.79,-4.16,-4.23,-4.07,-3.75,-3.24,-3.14,-3.35,-3.46,-4.06,-3.94,-1.51,-3.09,0.55,1.44,0.76,-2.07,-0.86,1.41,-2.41,-4.29,-3.05,-0.14,1.67,-5.32,-5.19,-4.11,-4.75,-2.57,-2.5,-3.11,-3.06,-2.15,-1.88,-1.97,-2.22,-2.07,-2.81,-2.12,-1.23,-0.96,-1.32,-2.42,-2.88,-0.9,-0.46,0.34,1.44
3.68,2.7,2.99,3.02,2.46,1.45,1.61,1.88,1.9,1.52,0.99,1.34,1.65,1.89,1.92,1.6,1.5,1.86,1.97,2.01,1.81,1.8,1.66,1.65,1.61,0.86,0.54,0.37,0.12,-0.77,-1.68,-1.88,-2.08,-2.5,-3.06,-3.49,-3.8,-3.77,-3.82,-3.97,-4.36,-5.05,-5.25,-4.26,1.29,-2.87,-1.99,-3.78,-1.22,-1.76,0.52,-1.87,-4.08,-2.27,-0.61,-1.49,-2.98,-5.14,-4.1,-5.1,-2.85,-2.22,-2.83,-2.61,-2.47,-1.88,-2,-2.33,-2.24,-2.21,-2.27,-1.61,-1.33,-0.96,-1.8,-1.82,-0.88,-0.23,-0.13,0.07
4.2,3.33,3.61,3.82,3.33,2.25,2.26,2.36,2.33,1.86,1.64,2.06,2.68,2.3,1.75,1.69,1.73,2.16,2.52,2.52,2.52,2.39,2.36,2.05,1.83,1.93,1.71,1.48,0.83,0.03,-0.22,-0.65,-1.45,-1.84,-2.08,-2.8,-3.47,-3.85,-4,-4.51,-5.07,-6.05,-6.15,-5.7,-2.71,1.54,-3.89,-2.9,-2.95,-1.52,-3.39,-2.63,-0.72,-1.59,0.27,-1.93,-3.49,-4.75,-3.8,-3.88,-3.34,-2.92,-3.38,-3.4,-3.55,-2.63,-2.63,-3.05,-2.68,-2.46,-1.84,-1.58,-1.78,-1.76,-2.19,-1.69,-0.72,-0.36,-1.01,-1.36
