gfs.json
{"header": {"discipline":0,"disciplineName":"Meteorological products","gribEdition":2,"gribLength":134456,"center":7,"centerName":"US National Weather Service - NCEP(WMC)","subcenter":0,"refTime":"2014-02-07T12:00:00.000Z","significanceOfRT":1,"significanceOfRTName":"Start of forecast","productStatus":0,"productStatusName":"Operational products","productType":1,"productTypeName":"Forecast products","productDefinitionTemplate":0,"productDefinitionTemplateName":"Analysis/forecast at horizontal level/layer at a point in time","parameterCategory":2,"parameterCategoryName":"Momentum","parameterNumber":3,"parameterNumberName":"V-component_of_wind","parameterUnit":"m.s-1","genProcessType":2,"genProcessTypeName":"Forecast","forecastTime":6,"surface1Type":100,"surface1TypeName":"Isobaric surface","surface1Value":85000,"surface2Type":255,"surface2TypeName":"Missing","surface2Value":0,"gridDefinitionTemplate":0,"gridDefinitionTemplateName":"Latitude_Longitude","numberPoints":65160,"shape":6,"shapeName":"Earth spherical with radius of 6,371,229.0 m","gridUnits":"degrees","resolution":48,"winds":"true","scanMode":0,"nx":360,"ny":181,"basicAngle":0,"subDivisions":0,"lo1":0,"la1":90,"lo2":359,"la2":-90,"dx":1,"dy":1}, "data":
[rows 0 to 35 of 181, columns 0 to 80 of 360]
6.58,6.72,6.86,7,7.14,7.27,7.41,7.54,7.67,7.79,7.92,8.04,8.16,8.27,8.39,8.5,8.61,8.71,8.82,8.92,9.02,9.11,9.2,9.29,9.38,9.47,9.55,9.62,9.7,9.77,9.84,9.91,9.97,10.03,10.09,10.14,10.2,10.24,10.29,10.33,10.37,10.4,10.44,10.47,10.49,10.51,10.53,10.55,10.56,10.57,10.58,10.58,10.58,10.58,10.58,10.57,10.55,10.54,10.52,10.5,10.47,10.44,10.41,10.38,10.34,10.3,10.25,10.2,10.15,10.1,10.04,9.98,9.92,9.85,9.79,9.71,9.64,9.56,9.48,9.4,9.31
6.01,6.11,6.21,6.31,6.4,6.5,6.59,6.69,6.78,6.87,6.96,7.05,7.14,7.23,7.32,7.41,7.49,7.58,7.66,7.75,7.84,7.92,8.01,8.09,8.17,8.26,8.33,8.41,8.49,8.57,8.64,8.71,8.78,8.84,8.91,8.97,9.03,9.08,9.13,9.18,9.23,9.27,9.3,9.34,9.36,9.38,9.4,9.42,9.43,9.44,9.44,9.44,9.43,9.42,9.41,9.39,9.36,9.33,9.3,9.27,9.23,9.19,9.14,9.09,9.04,8.98,8.92,8.86,8.8,8.73,8.66,8.6,8.53,8.45,8.38,8.3,8.22,8.14,8.06,7.98,7.9
7.6,7.69,7.76,7.82,7.87,7.91,7.93,7.94,7.94,7.93,7.91,7.88,7.84,7.8,7.75,7.7,7.65,7.59,7.54,7.49,7.44,7.39,7.35,7.31,7.29,7.27,7.25,7.25,7.26,7.27,7.28,7.31,7.35,7.39,7.43,7.49,7.54,7.6,7.66,7.71,7.77,7.81,7.85,7.89,7.92,7.94,7.96,7.96,7.95,7.93,7.91,7.87,7.82,7.76,7.7,7.62,7.54,7.45,7.36,7.28,7.18,7.09,6.99,6.89,6.81,6.72,6.63,6.54,6.47,6.39,6.31,6.24,6.19,6.12,6.06,6,5.94,5.89,5.84,5.78,5.73
7.69,7.97,8.24,8.48,8.71,8.91,9.09,9.25,9.38,9.49,9.56,9.62,9.64,9.64,9.61,9.55,9.47,9.36,9.24,9.09,8.91,8.73,8.53,8.32,8.1,7.87,7.65,7.43,7.21,7.01,6.83,6.65,6.5,6.38,6.27,6.19,6.13,6.09,6.08,6.08,6.1,6.13,6.17,6.21,6.24,6.27,6.28,6.28,6.25,6.2,6.14,6.04,5.93,5.8,5.65,5.49,5.32,5.14,4.96,4.79,4.63,4.47,4.34,4.22,4.12,4.05,3.99,3.96,3.95,3.95,3.96,3.99,4.02,4.06,4.1,4.14,4.17,4.19,4.2,4.2,4.19
6.1,6.34,6.58,6.81,7.04,7.27,7.5,7.72,7.95,8.18,8.39,8.6,8.81,9.01,9.19,9.36,9.5,9.62,9.71,9.77,9.79,9.78,9.73,9.64,9.51,9.34,9.13,8.89,8.63,8.32,8,7.67,7.32,6.98,6.65,6.33,6.03,5.77,5.54,5.35,5.21,5.11,5.05,5.01,5.01,5.02,5.03,5.04,5.03,5,4.94,4.85,4.72,4.56,4.35,4.14,3.9,3.64,3.4,3.16,2.94,2.74,2.58,2.45,2.37,2.32,2.31,2.33,2.38,2.46,2.55,2.65,2.75,2.86,2.95,3.03,3.09,3.14,3.17,3.18,3.16
6.04,6.13,6.2,6.26,6.31,6.36,6.43,6.51,6.62,6.75,6.92,7.13,7.36,7.6,7.86,8.11,8.34,8.56,8.74,8.87,8.96,9.01,9.01,8.98,8.91,8.82,8.71,8.57,8.43,8.28,8.11,7.93,7.72,7.49,7.23,6.95,6.63,6.3,5.96,5.63,5.31,5.03,4.8,4.61,4.49,4.41,4.37,4.36,4.37,4.37,4.37,4.32,4.24,4.12,3.96,3.76,3.54,3.31,3.08,2.86,2.67,2.51,2.39,2.31,2.27,2.26,2.28,2.31,2.36,2.4,2.44,2.45,2.45,2.42,2.37,2.29,2.19,2.07,1.95,1.81,1.67
7.34,7.54,7.68,7.77,7.82,7.85,7.86,7.88,7.89,7.92,7.96,8.01,8.09,8.19,8.3,8.43,8.57,8.71,8.85,8.97,9.09,9.17,9.22,9.23,9.19,9.09,8.94,8.72,8.45,8.15,7.83,7.5,7.19,6.91,6.66,6.45,6.25,6.08,5.89,5.69,5.47,5.23,4.98,4.74,4.52,4.34,4.21,4.13,4.1,4.11,4.12,4.13,4.11,4.06,3.95,3.8,3.61,3.41,3.2,3,2.83,2.68,2.57,2.49,2.43,2.38,2.34,2.28,2.21,2.1,1.96,1.78,1.56,1.3,1.02,0.72,0.41,0.1,-0.18,-0.43,-0.63
4.91,5.38,5.8,6.21,6.61,7.02,7.46,7.92,8.38,8.81,9.16,9.42,9.55,9.56,9.47,9.32,9.12,8.92,8.74,8.62,8.57,8.62,8.74,8.95,9.19,9.44,9.65,9.76,9.76,9.61,9.31,8.88,8.36,7.78,7.19,6.61,6.09,5.65,5.29,5.02,4.8,4.61,4.43,4.23,4.02,3.81,3.63,3.48,3.4,3.39,3.42,3.48,3.53,3.56,3.55,3.47,3.34,3.15,2.93,2.7,2.46,2.25,2.05,1.87,1.71,1.55,1.37,1.16,0.93,0.64,0.32,-0.04,-0.43,-0.85,-1.26,-1.64,-1.97,-2.24,-2.44,-2.53,-2.51
2.78,3.15,3.49,3.8,4.09,4.38,4.71,5.09,5.56,6.12,6.75,7.42,8.09,8.68,9.13,9.39,9.45,9.31,9.03,8.69,8.38,8.18,8.16,8.34,8.71,9.19,9.7,10.14,10.42,10.49,10.35,10.04,9.58,9.03,8.41,7.74,7.07,6.41,5.81,5.28,4.84,4.49,4.21,3.95,3.7,3.44,3.19,2.93,2.72,2.56,2.48,2.5,2.56,2.64,2.68,2.68,2.59,2.42,2.16,1.85,1.52,1.21,0.92,0.64,0.37,0.09,-0.22,-0.56,-0.95,-1.39,-1.86,-2.35,-2.8,-3.21,-3.55,-3.8,-3.94,-3.96,-3.9,-3.74,-3.51
3.19,4.05,4.94,5.77,6.46,6.94,7.15,7.09,6.79,6.35,5.89,5.54,5.4,5.51,5.86,6.37,6.95,7.48,7.9,8.14,8.23,8.21,8.16,8.14,8.23,8.48,8.87,9.28,9.61,9.75,9.7,9.51,9.24,8.96,8.67,8.37,8.02,7.58,7.05,6.46,5.86,5.26,4.69,4.15,3.62,3.1,2.6,2.14,1.76,1.55,1.53,1.59,1.6,1.59,1.72,1.9,1.87,1.57,1.1,0.59,0.16,-0.17,-0.46,-0.72,-0.99,-1.34,-1.79,-2.31,-2.84,-3.35,-3.86,-4.35,-4.75,-5,-5.13,-5.17,-5.11,-4.96,-4.73,-4.46,-4.13
6.41,7.67,8.41,8.71,8.78,8.77,8.72,8.57,8.09,7.17,6.02,4.89,3.97,3.59,3.71,4.34,5.5,6.65,7.78,9.46,10.76,10.53,9.59,9.01,9,8.89,7.98,7.36,7.49,7.86,8.26,8.55,8.75,8.9,9.01,9.08,9.09,9,8.79,8.47,8.02,7.46,6.79,6.02,5.2,4.39,3.63,3,2.44,1.89,1.39,1.05,0.9,0.81,0.69,0.61,0.61,0.51,0.21,-0.23,-0.73,-1.24,-1.76,-2.27,-2.75,-3.24,-3.76,-4.32,-4.89,-5.43,-5.91,-6.29,-6.53,-6.62,-6.58,-6.43,-6.15,-5.79,-5.34,-4.81,-4.21
7.57,8.04,7.93,7.39,6.7,6.06,5.57,5.31,5.2,4.92,4.46,4.49,5.26,4.62,4.42,5.67,5.49,3.32,3.79,5.41,5.46,5.28,5.2,5.24,5.33,5.52,5.81,6.3,6.94,7.59,8.15,8.58,8.93,9.22,9.43,9.59,9.69,9.69,9.62,9.48,9.25,8.96,8.62,8.21,7.71,7.1,6.33,5.38,4.32,3.22,2.17,1.27,0.53,-0.02,-0.37,-0.56,-0.69,-0.84,-1.06,-1.38,-1.81,-2.32,-2.88,-3.49,-4.14,-4.8,-5.47,-6.12,-6.74,-7.25,-7.63,-7.88,-7.98,-7.95,-7.79,-7.52,-7.11,-6.56,-5.88,-5.07,-4.15
5.98,5.84,5.13,4.26,3.56,3.2,3.14,3.27,3.48,3.75,4.07,4.3,4.35,4.17,3.73,3.1,2.23,1.62,2.04,2.77,3.81,5.19,6.33,7,7.18,7,6.88,6.9,6.91,6.92,7.02,7.26,7.66,8.17,8.68,9.16,9.55,9.82,9.95,9.92,9.73,9.39,8.95,8.44,7.93,7.44,6.99,6.57,6.14,5.62,4.96,4.12,3.12,2,0.87,-0.17,-1.06,-1.73,-2.2,-2.56,-2.91,-3.32,-3.78,-4.34,-4.96,-5.61,-6.26,-6.89,-7.5,-8.05,-8.5,-8.85,-9.14,-9.38,-9.55,-9.61,-9.51,-9.18,-8.59,-7.73,-6.64
2.45,2.02,1.1,0.07,-0.59,-0.64,-0.16,0.57,1.3,1.88,2.29,2.56,2.75,2.77,2.64,2.38,1.83,1.43,1.74,2.71,3.93,4.87,5.36,5.58,5.86,6.31,6.81,7.19,7.4,7.54,7.71,7.91,8.18,8.55,9.06,9.69,10.34,10.88,11.22,11.29,11.12,10.77,10.28,9.73,9.11,8.43,7.65,6.76,5.83,4.91,4.09,3.43,2.94,2.56,2.18,1.64,0.94,0.13,-0.69,-1.5,-2.3,-3.13,-3.94,-4.61,-5.26,-6,-6.71,-7.37,-7.97,-8.57,-9.06,-9.41,-9.87,-10.28,-10.5,-10.64,-10.64,-10.4,-9.89,-9.12,-8.11
-1.88,-1.99,-2.59,-3.23,-3.53,-3.37,-2.85,-2.14,-1.39,-0.71,-0.24,-0.03,0.05,0.19,0.47,0.89,1.44,2.13,2.92,3.73,4.51,5.3,6.11,6.94,7.72,8.38,8.88,9.23,9.41,9.41,9.25,9.05,9.01,9.29,9.97,10.91,11.9,12.63,12.99,12.98,12.75,12.41,12.01,11.51,10.9,10.19,9.43,8.62,7.75,6.79,5.78,4.79,3.91,3.2,2.63,2.21,1.85,1.4,0.65,-0.58,-2.2,-3.86,-5.34,-6.49,-7.36,-8.04,-8.45,-8.53,-8.55,-8.9,-9.47,-9.98,-10.31,-10.5,-10.6,-10.59,-10.42,-10.07,-9.54,-8.84,-7.95
-4.56,-4.53,-4.91,-5.25,-5.32,-5.08,-4.63,-4.04,-3.42,-2.91,-2.63,-2.49,-2.22,-1.65,-0.8,0.18,1.18,2.14,3.09,4.02,4.97,5.91,6.83,7.66,8.36,8.86,9.16,9.36,9.55,9.81,10.05,10.11,9.84,9.39,9.13,9.52,10.67,12.24,13.6,14.26,14.21,13.71,13.08,12.46,11.91,11.36,10.71,9.94,9.15,8.45,7.83,7.23,6.46,5.6,4.75,3.52,2.53,1.18,-0.03,-0.16,-0.08,-0.69,-1.83,-3.43,-4.85,-5.9,-6.59,-6.98,-7.18,-7.32,-7.47,-7.68,-7.9,-8.11,-8.27,-8.37,-8.35,-8.22,-7.97,-7.6,-7.06
-5.97,-5.9,-5.81,-5.72,-5.62,-5.49,-5.36,-5.28,-5.17,-4.87,-4.28,-3.4,-2.31,-1.15,-0.05,0.91,1.71,2.32,2.82,3.39,4.16,5.11,6.14,7.13,8,8.71,9.29,9.83,10,9.5,8.88,8.87,9.39,9.77,9.57,8.98,8.74,9.37,10.79,12.37,13.4,13.68,13.41,12.92,12.41,11.92,11.36,10.71,10.14,9.74,9.41,8.96,8.25,7.24,5.85,4.02,1.65,0.63,0.56,0.05,-0.12,-0.19,-0.35,-0.65,-0.97,-1.24,-1.52,-1.85,-2.24,-2.68,-3.17,-3.69,-4.23,-4.74,-5.21,-5.58,-5.84,-5.98,-5.96,-5.73,-5.28
-5.91,-5.34,-5.26,-5.76,-6.38,-6.79,-6.92,-6.77,-6.38,-5.67,-4.46,-2.76,-0.94,0.64,1.92,2.96,3.73,4.19,4.42,4.51,4.67,5.18,6.08,7.16,8.16,8.86,9.18,9.15,8.7,7.7,6.46,5.8,6.28,7.56,8.72,9.04,8.59,8.15,8.5,9.65,11.05,12.39,13.42,13.9,13.72,13,11.96,10.95,10.24,9.94,9.84,9.68,9.22,8.47,7.24,5.6,5.08,4.71,4.06,3.64,3.25,2.76,2.28,1.88,1.49,1.09,0.65,0.19,-0.29,-0.78,-1.26,-1.67,-1.97,-2.22,-2.46,-2.71,-2.98,-3.28,-3.6,-3.83,-3.96
-4.7,-5.12,-5.42,-5.49,-5.54,-5.9,-6.52,-6.9,-6.45,-4.78,-2.28,0.13,2.11,3.91,5.69,7.19,7.96,7.76,6.81,5.45,3.94,2.99,3.37,5.23,7.48,8.86,8.98,8.58,8.4,8.25,7.5,6.33,5.58,5.84,6.75,7.64,8.21,8.51,8.6,8.56,8.69,9.63,11.56,13.43,14.19,13.83,12.96,12.08,11.34,10.81,10.52,10.25,10,10.22,9.8,8.91,8.42,7.82,7.08,6.3,5.58,4.92,4.34,3.81,3.37,3,2.7,2.48,2.32,2.17,2.05,1.92,1.65,1.13,0.51,0,-0.38,-0.79,-1.27,-1.78,-2.24
-3.68,-3.51,-3.43,-3.51,-3.79,-4.19,-4.52,-4.48,-3.74,-2.35,-0.72,0.96,2.85,5.17,7.52,8.96,8.78,7.34,5.71,4.32,2.98,1.97,1.84,3.47,6.07,7.84,8.11,6.55,5.29,5.86,6.85,6.96,5.94,4.77,4.61,5.14,5.99,7.11,8.34,8.91,8.19,7.1,7.63,9.96,12.16,13.01,12.93,12.48,11.71,10.88,10.57,10.76,10.88,10.52,9.96,9.33,8.49,7.74,7.12,6.54,5.92,5.2,4.44,3.82,3.44,3.25,3.16,3.14,3.27,3.55,3.84,4.04,4.09,4.03,3.88,3.62,3.27,2.83,2.35,1.79,1.15
-2.1,-1.83,-1.61,-1.42,-1.32,-1.3,-1.22,-0.88,-0.09,1.14,2.6,4.05,5.42,6.47,6.57,5.59,4.26,3.48,3.6,2.72,1.3,0.72,2.68,7.71,11.79,12.17,10.69,8.01,5.84,5.07,5.19,5.66,6.12,5.99,5.13,4.07,3.77,4.83,6.56,7.41,6.65,4.98,4.67,6.98,9.81,11.35,12.06,12.54,12.44,11.72,10.98,10.71,10.63,10.27,9.46,8.56,7.76,7.04,6.28,5.64,4.95,4.39,4.06,3.8,3.5,3.21,3.12,3.25,3.59,4.21,4.95,5.61,6.06,6.2,6.08,5.86,5.55,5.03,4.41,3.87,3.41
2.84,4.54,5.49,5.25,4.2,2.95,2.07,2.02,3.17,5.05,5.94,5.36,4.62,4.21,3.86,4.27,5.27,5.03,2.35,3.2,7.59,10.67,13.25,13.91,11.92,9.43,7.63,6.12,4.28,2.87,3.38,4.94,5.81,5.38,4.63,3.8,3.61,4.41,5.96,7.24,7.25,6.13,5.19,5.79,7.39,8.69,9.89,11.35,12.53,12.78,12.5,11.91,11.24,10.16,8.89,7.87,7.34,7.08,6.79,6.35,5.49,4.34,3.48,2.73,3.13,4.32,5.02,4.74,4.44,4.96,6.29,7.57,8.36,8.3,7.6,6.72,6.12,5.84,5.51,5.06,4.63
6.79,6.84,7.06,7.5,7.74,7.44,6.6,5.53,5.2,6.23,7.41,7.19,5.69,4.18,3.55,3.9,4.12,7.4,5.94,5.78,11.91,13.46,12.36,10.33,8.31,7.07,6.39,5.35,3.89,2.92,2.92,4.1,5.27,4.54,5.09,6.11,7.44,7.98,7.01,4.8,3.8,4.46,4.72,5.11,6.23,8.22,9.56,10.55,11.36,11.94,12.25,11.87,10.73,9.35,8.07,6.84,6.22,5.74,5.81,5.77,5.35,4.98,3.91,3.33,4.07,5.22,4.85,4.06,5.52,7.17,8.57,8.97,8.51,7.51,6.23,5.07,4.37,4.16,4.33,4.55,4.53
8.87,8.92,9.2,9.69,9.85,9.38,8.64,7.76,6.6,5.38,4.7,4.14,3.27,2.55,2.99,7.35,8.7,7.56,7.33,9.67,10.35,9.82,8.81,7.47,6.29,5.77,5.76,5.38,4.43,3.66,3.31,3.51,3.31,4.24,6.06,7.63,7.85,7.1,6.09,5.29,4.75,4.67,4.56,5.26,5.99,6.87,8.04,9.66,11.44,12.66,12.8,11.62,10.12,8.9,8.06,7.47,7.19,7.06,7.33,7.52,7.16,5.54,3.95,3.44,4.29,5.36,6.92,8.81,9.34,9.38,8.98,8.18,7.11,5.9,4.67,3.54,2.67,2.36,2.74,3.49,4.17
9.79,9.2,9.39,10.26,10.13,8.17,5.67,4.35,4.51,5.46,6.52,7.16,7.39,9.11,8.65,8.6,9.29,10.43,10.24,9.63,9.13,8.68,7.97,6.89,5.77,5,5.07,4.98,4.57,3.66,2.96,2.47,2.44,3.24,4.51,5.78,6.51,6.54,6.1,5.15,4.28,4.09,4.1,4.2,4.9,6.72,9.4,12.26,13.91,13.81,12.57,11.04,9.49,8.32,7.92,7.74,7.97,8.04,8.44,8.34,6.46,3.83,3.16,5.61,8.47,9.68,9.97,9.99,9.85,9.47,8.68,7.59,6.31,4.92,3.7,2.74,2.18,2.05,2.34,3.05,3.82
8.79,7.56,7.83,9.41,9.36,5.85,1.25,0.03,2.7,6.53,10.1,11.98,13.99,9.66,9.99,10.64,10.27,10.22,10.47,10.04,9.08,7.63,6.33,5.47,5.05,4.92,5.34,5.47,4.92,4.13,3.23,2.33,2.02,2.49,3.78,5.44,5.55,4.37,3.4,3.75,4.59,5.05,4.88,4.7,5.78,8.37,11.38,13.92,14.84,13.78,11.15,8.41,7.21,6.94,6.93,7.7,8.05,8.38,8.79,8.44,4.69,5.36,8.12,9.56,10.23,10.3,10.13,10.13,9.94,9.4,8.45,7.29,5.91,4.54,3.44,2.75,2.54,2.7,3.23,3.85,4.18
6.51,4.77,4.96,6.84,6.2,2.08,-1.09,-0.6,1.99,6.29,13.75,15.97,14.59,13.54,13.51,12.87,12.31,12.53,12.31,11.66,10.89,9.78,8.15,6.91,6.29,5.75,5.14,4.63,4.77,4.88,4.31,3.39,2.77,2.74,3.24,3.23,2.55,1.41,1.5,2.8,4.18,5.42,5.17,5.01,6.1,8.7,11.81,13.92,14.53,13.12,10.75,8.52,7.18,6.85,7.01,7.86,8.59,8.91,9.19,8.68,7.85,8.63,8.75,8.96,9.37,9.57,9.61,9.57,9.38,8.99,8.41,7.41,6.08,4.77,3.84,3.45,3.5,3.93,4.46,4.81,4.78
3.78,1.78,2.29,4.17,3.05,-0.19,-0.91,2.03,5.79,6.99,12.65,11.31,5.75,8.22,15.22,16.03,15.5,14.52,12.84,11.49,10.79,9.62,8.11,7.49,7.39,6.29,4.81,4.04,4.04,3.9,3.51,3.74,3.78,2.94,1.85,0.79,-0.18,-0.32,0.69,1.87,3.89,5.32,6.19,6.62,7.74,9.73,11.97,13.53,13.34,11.59,9.31,7.32,6.25,6.08,6.42,7.67,9.19,10.4,11.1,10.78,9.6,8.57,7.98,7.74,7.82,7.8,7.61,7.52,7.76,8.1,7.96,7.22,6.12,4.99,4.14,3.95,4.53,5.38,5.83,5.57,4.98
1.32,-0.13,1.5,2.35,0.55,-1.73,-1.57,1.05,1.28,1.2,0.83,5.12,7.74,11.8,14.2,16.43,15.98,14.88,13.78,12.96,12.36,11.62,10.85,10.27,9.53,8.2,6.23,4.27,3,2.24,2.49,3.29,2.98,1.72,0.38,-0.41,-0.39,-0.01,1.53,3.56,5,5.82,6.39,6.88,7.66,8.93,10.89,12.72,12.62,10.62,8.38,6.96,6.27,6.41,7.56,9.07,10.73,11.84,12.16,10.85,9.27,8.32,7.38,6.47,5.7,5.38,5.42,5.97,6.9,7.56,7.46,6.74,5.74,4.66,4.15,4.75,5.83,6.3,6.16,6.02,5.94
0.04,-0.58,0.83,-0.43,-1.87,0.45,-0.63,-0.26,-0.36,-0.35,2.76,7.51,10.69,12.85,15.32,17.38,18.48,17.82,16.91,16.32,15.28,14.15,13.1,12.04,10.96,9.33,7.15,4.65,2.36,1.62,2.43,2.81,1.39,0.16,0.4,0.7,0.48,0.87,2.73,4.85,6.23,6.45,6.34,7.02,8.27,9.24,10.7,11.52,10.94,9.07,7.22,6.15,5.64,6.68,8.71,10.7,11.83,12.58,12.3,9.94,8.92,8.35,6.77,5.11,3.99,3.65,4.28,5.58,6.7,7,6.54,5.67,4.6,3.83,4.03,4.87,5.46,5.97,6.85,7.71,8.14
-1.68,-2.32,-1.49,-2.59,-4.06,-1.23,-0.71,-0.44,-0.28,-0.55,2.76,7.16,9.71,10.31,10.74,12.54,15.29,18.8,20.41,20.03,18.69,16.95,14.93,12.86,11.25,9.78,7.79,5.35,2.97,1.55,1.46,1.19,-0.25,-0.48,0.73,1.37,1.26,1.94,4.2,6.93,8.52,8.52,7.33,6.93,7.72,8.25,9.01,9.72,9.09,7.37,6.06,5.25,5.94,8.19,10.41,10.73,10.73,11.23,11.03,9.66,9.14,7.51,5.16,3.46,2.95,3.64,4.94,5.89,6.12,5.73,5.06,4.27,3.55,3.34,3.58,3.96,4.98,6.83,8.54,9.58,10
-2.12,-3.43,-3.86,-4.08,-5.77,-4.67,2.32,-0.35,0.29,3.82,7.38,11.49,13.61,11.72,10.76,11.46,12.52,14.7,16.47,18.58,19.42,18.45,17.94,17,14.26,11.5,9.55,6.73,3.08,0.47,-0.06,0.08,-0.14,0.05,1.6,1.71,1.64,2.83,5.89,8.72,8.99,7.69,6.27,6.58,7.21,7.3,8.44,9.05,8.29,6.76,5.31,4.91,6.82,9.53,10.65,9.97,9.33,9.51,9.44,8.75,7.05,5.02,3.57,3.37,3.93,4.66,5.01,5.02,4.72,4.25,3.77,3.35,3.22,3.17,2.83,3.29,5.34,7.69,9.32,9.98,9.74
-1.68,-2.52,-3.21,-4.54,-7.46,-9.01,-4.01,1.5,5.01,9.15,12.39,12.38,12.17,13.45,13.98,13.97,14.28,14.74,15.01,15.63,17.38,17.67,17.14,17.47,15.83,12.71,10.55,8.62,5.08,2.12,0.43,-0.2,-0.14,1.17,2.3,2.19,1.49,3.09,6.15,7.26,6.04,5.52,6.65,7.94,6.87,6.02,6.7,7.36,6.62,4.98,3.8,5.1,8.26,10.16,9.75,8.12,7.55,7.87,6.85,5.35,4.33,3.55,3.38,3.76,4.1,4.2,4.19,3.96,3.55,3.2,2.99,3.13,3.61,3.44,2.67,2.9,4.59,6.55,8.42,9.18,8.34
0.04,-1.19,-1.83,-2.59,-4.33,-6.61,-6.53,-3.42,1.66,7.67,10.35,9.34,10.26,13.98,15.36,15.41,15.2,14.64,13.87,12.33,12.9,16.68,18.49,18.13,16.41,14.14,11.86,9.38,6.76,3.87,1.36,0.01,-0.58,-0.26,0.81,1.48,1.93,3.41,4.52,3.56,3.84,6.84,8.95,8.41,6.78,5.34,5.24,5.79,5.25,3.58,3.05,5.58,8.46,9.28,8.25,6.12,5.34,5.99,5.06,3.3,2.67,2.29,2.3,2.99,3.68,3.89,3.69,3.32,3.01,2.88,3.17,3.72,4.28,4.14,3.14,2.33,2.79,4.14,5.75,7.09,7.33
0.87,0.56,0.54,0.25,-1.12,-3.38,-5.31,-5.95,-4.19,0.62,4.64,6.69,10.86,15.03,14.51,12.48,11.86,12.02,11.75,10.43,10.01,15.05,19.29,17.79,15.95,13.04,10.72,9.09,7.17,4.63,2.25,0.26,-1.48,-2.03,-0.65,1.17,1.4,0.88,0.88,1.8,3.91,6.61,8.13,7.79,6.42,4.78,3.92,4.41,4.22,2.43,2.37,5.4,7.69,7.88,6.95,4.67,3.18,4.09,4.42,2.39,1.13,0.41,0.44,1.65,3,3.44,3.16,3.1,3.25,3.73,4.29,4.72,4.8,4.54,3.71,2.73,2.41,2.99,3.92,4.45,4.38
1.13,1,1.65,1.94,1.43,-0.35,-3.46,-6.62,-7.94,-5.72,-0.37,6.03,12.44,13.84,12.2,11.25,10.68,10.26,9.44,9.46,8.89,13.24,16.96,15.42,14.4,12,9.93,8.63,7.06,4.85,2.56,0.68,-0.57,-1.36,-1.13,-0.05,0.43,-0.24,-0.43,1.11,3.65,5.82,7.35,7.56,6.78,5.06,3.39,3.28,3.64,1.98,1.8,4.79,6.12,6.16,5.61,3.79,2.71,2.58,2.09,1.99,-0.19,-1.92,-2.1,-0.86,1.09,2.42,3.22,3.35,3.39,3.78,4.54,5.04,5.09,4.95,4.85,4.61,4.22,3.79,3.49,3.56,3.38
