gfs.json
{"header": {"discipline":0,"disciplineName":"Meteorological products","gribEdition":2,"gribLength":134257,"center":7,"centerName":"US National Weather Service - NCEP(WMC)","subcenter":0,"refTime":"2014-01-17T06:00:00.000Z","significanceOfRT":1,"significanceOfRTName":"Start of forecast","productStatus":0,"productStatusName":"Operational products","productType":1,"productTypeName":"Forecast products","productDefinitionTemplate":0,"productDefinitionTemplateName":"Analysis/forecast at horizontal level/layer at a point in time","parameterCategory":2,"parameterCategoryName":"Momentum","parameterNumber":3,"parameterNumberName":"V-component_of_wind","parameterUnit":"m.s-1","genProcessType":2,"genProcessTypeName":"Forecast","forecastTime":9,"surface1Type":100,"surface1TypeName":"Isobaric surface","surface1Value":85000,"surface2Type":255,"surface2TypeName":"Missing","surface2Value":0,"gridDefinitionTemplate":0,"gridDefinitionTemplateName":"Latitude_Longitude","numberPoints":65160,"shape":6,"shapeName":"Earth spherical with radius of 6,371,229.0 m","gridUnits":"degrees","resolution":48,"winds":"true","scanMode":0,"nx":360,"ny":181,"basicAngle":0,"subDivisions":0,"lo1":0,"la1":90,"lo2":359,"la2":-90,"dx":1,"dy":1}, "data":
[rows 140 to 174 of 181, columns 0 to 79 of 360]
-14.6,-11.78,-8.38,-5.06,-3.16,-1.69,0.21,2.16,3.65,4.71,5.76,6.68,7.41,7.79,7.77,7.3,6.95,7.29,7.83,8.17,8.96,10.35,12.22,13.22,15.4,19.91,17.98,6.14,-1.77,-2.77,-4.21,-5.5,-6.58,-9.32,-12.36,-16.62,-16.36,-14.43,-10.4,-6.62,-3.98,-2.6,-3.5,-3.96,-2.14,0.17,2.45,3.06,3.02,3.42,3.74,3.85,3.83,3.76,3.75,3.85,4.08,4.38,4.78,5.27,5.6,5.79,6,6.25,6.55,7.04,7.55,7.71,7.77,6.84,6.89,6.62,6.1,5.84,5.77,5.89,6.15,5.03,4.09,3.59
-12.96,-10.97,-8.75,-5.8,-3.56,-1.36,0.83,2.73,4.55,5.97,7.11,7.68,7.86,7.92,7.87,7.75,7.65,7.57,7.25,7.04,7.55,8.66,9.88,10.65,11.21,13.67,16.93,10.89,1,-3.71,-4.98,-5.47,-9.19,-15.83,-19.09,-16.53,-11.93,-8.8,-6.33,-4.21,-3.05,-3.31,-3.85,-2.89,-1.15,0.34,1.95,2.99,3.76,4.16,4.3,4.72,5.23,5.48,5.45,5.37,5.34,5.24,5.11,5.23,5.56,6.06,6.7,7.31,7.75,7.71,7.59,7.54,7.3,6.9,6.65,6.66,6.84,7.05,7.09,7.14,6.68,5.7,5.3,5.12
-11.94,-10.2,-7.85,-5.27,-2.55,-0.07,2.05,4.03,5.81,6.92,7.53,8.35,9.1,9.46,9.54,9.2,8.43,7.33,5.97,4.95,4.95,5.52,5.79,5.92,6.61,6.52,7.88,7.45,2.78,-2.79,-6.19,-8.2,-8.77,-7.45,-6.29,-6.27,-6.41,-5.85,-4.82,-3.96,-3.27,-2.63,-1.81,-0.71,0.35,1.28,1.94,2.45,3.33,4.25,5.05,5.71,6.02,6.11,6.15,6.03,5.79,5.54,5.42,5.48,5.68,5.88,6.07,6.42,6.58,6.39,6.51,6.84,7.19,7.51,7.77,7.96,8.07,8.16,8.19,8.28,8.41,8.01,7.14,6.06
-10.74,-8.59,-6.11,-3.43,-1.03,1.12,3.18,4.68,5.91,7.26,8.54,9.4,9.92,10.07,9.69,8.92,7.83,6.36,4.59,2.95,2.12,1.86,1.03,0.55,1.44,1.23,2.25,2.51,2.25,1.29,-0.27,-1.65,-2.84,-4.02,-5.25,-6.11,-5.99,-5.29,-4.24,-2.86,-1.68,-0.75,-0.05,0.49,1.01,1.61,2.4,3.25,4.16,4.74,5.07,5.79,6.62,6.99,7.08,6.79,6.13,5.54,5.17,4.66,4.41,4.71,5.13,5.48,5.92,6.37,6.65,7.1,7.66,7.95,8.18,8.47,8.59,8.6,8.5,8.05,7.86,7.51,6.63,5.6
-9.12,-6.49,-4.27,-2,0.37,2.31,3.71,5.3,6.91,7.68,8.33,9.09,9.78,10.64,11.19,10.68,8.86,6.51,4.39,2.79,1,-0.73,-2.38,-3.38,-2.19,-1.62,-1.48,-1.38,-1.39,-1.66,-2.06,-1.92,-1.97,-2.41,-2.9,-3.22,-3.3,-2.88,-2.1,-1.5,-0.94,-0.14,0.74,1.63,2.54,3.34,3.73,3.85,4.18,4.52,5.35,5.98,5.09,4.68,5.38,5.79,5.79,5.56,5.23,5.1,5.24,5.2,5.12,5.37,5.72,5.96,6.31,6.79,7.39,8.05,8.53,8.54,8.26,8.04,8.5,9.4,9.74,9.2,7.85,6.29
-7.16,-4.94,-2.5,-0.34,1.34,2.96,4.74,6.09,6.77,7.5,8.19,8.84,10.61,12.43,12.38,10.81,8.28,5.39,2.84,0.87,-1.41,-3.27,-4.48,-4.71,-3.89,-3.33,-2.86,-3.16,-3.53,-2.97,-2.31,-1.43,-0.75,-0.74,-1.13,-1.45,-1.68,-1.87,-1.55,-0.57,0.87,2.09,2.63,2.84,3.13,3.45,3.69,3.78,3.46,3.25,3.02,2.01,2.29,4.46,6.02,6.41,6.35,6,5.67,5.44,4.96,4.6,4.97,5.35,5.34,5.56,6.33,7.27,8.19,9.2,9.42,8.65,8.61,10.16,11.8,11.95,10.76,9.3,7.28,4.92
-5.18,-3.15,-1.37,0.57,2.56,4.25,5.64,6.93,8.02,7.87,6.7,7.74,10.42,11.79,11.84,10.66,8.21,5.48,2.92,0.19,-2.43,-3.94,-4.58,-4.4,-3.46,-3.24,-3.28,-3.62,-4.79,-5.89,-4.59,-1.62,-0.45,-0.85,-1.73,-2.32,-2.05,-1.05,0.24,1.45,2.25,2.82,3.37,3.4,3.03,2.97,3.09,2.2,0.58,0.18,1.07,2.56,4.23,5.36,5.97,6.41,6.56,6.02,5.04,4.38,4.33,4.45,4.32,4.17,4.48,5.42,6.47,7.43,8.79,9.24,8.55,10.08,12.97,13.32,11.91,9.99,8.09,7.38,7.13,6.61
-4.01,-1.95,0.25,1.94,3.43,5.13,6.72,7.84,7.66,5.93,4.96,6.37,8.39,10.15,10.88,9.26,6.57,4.14,1.83,-0.02,-0.94,-1.22,-1.79,-2.38,-2.33,-2.53,-3.09,-3.4,-4.46,-5.67,-4.1,-1.83,-1.58,-2.14,-2.08,-1.32,-0.27,0.98,2.42,3.19,2.86,2.01,0.91,0.15,0.21,0.46,0.69,0.92,1.37,2.02,2.78,3.8,5.05,6,6.45,6.83,7.07,6.47,5.34,4.73,4.75,4.53,3.99,4,4.78,5.71,6.24,6.85,7.58,7.27,9.74,13.43,11.77,9.69,10.2,9.1,6.8,6.29,6.82,7.06
-2.02,0.22,1.74,3.34,4.89,5.5,6.4,7.69,7.04,5.17,4.52,5.27,6.34,7.81,9.05,7.78,4.88,3.28,2.44,1.35,0.31,-0.48,-0.93,-1.04,-0.96,-1.39,-2.61,-3.49,-3.63,-3.18,-2.32,-1.83,-1.97,-2.06,-1.7,-0.51,1.69,3.22,1.99,-0.24,-0.97,-0.81,-0.95,-0.84,-0.26,0.67,1.57,2.07,2.72,3.88,5.17,6.16,6.7,6.72,6.35,6.1,6.14,6.22,6.3,6.35,6.34,6.17,5.84,5.62,5.45,5.09,4.82,5.01,5,5.76,9.54,10.6,8.89,10.66,11.93,10.96,9.53,7.82,4.68,2.57
0.11,1.1,2.4,4.09,4.77,4.64,5.83,7.38,7.05,5.92,5.53,5.61,5.53,5.31,5.51,5.19,3.61,2.49,2.03,1.44,0.97,0.59,0.21,0,0,-0.14,-0.69,-1.43,-1.99,-2.25,-2.25,-2.16,-2,-1.37,-0.08,0.94,-0.05,-2.27,-2.65,-1.28,-0.73,-1.44,-1.74,-0.74,0.56,1.13,1.54,2.64,4.04,5.14,6.06,6.94,7.6,7.76,7.4,6.83,6.61,6.74,6.83,6.95,7.41,8,8.05,7.21,5.8,4.23,2.94,2.33,2.54,3.94,6.71,9,10.23,10.89,10.5,10.16,10.55,11.63,10.95,6.3
0.04,1.22,2.66,4.16,4.52,4.06,4.64,6.12,7.07,7.23,6.86,6.19,5.37,4.33,3.33,2.62,2.16,2.16,2.31,2.05,1.58,1.18,0.72,0.45,0.86,1.53,1.36,0.07,-1.49,-2.42,-2.58,-2.39,-2.28,-2.64,-3.45,-3.95,-3.36,-1.85,-1.01,-1.6,-2.22,-1.68,-0.6,-0.18,-0.09,0.78,1.95,2.76,4.16,6.4,8.18,8.73,8.59,8.43,8.4,8.43,8.29,7.76,7.19,7.43,8.49,9.45,9.38,7.87,5.6,3.08,1.2,0.93,2.12,3.81,5.24,6.72,8.65,10.28,10.55,9.79,9.11,9.35,10.14,8.93
0.78,1.44,2.52,3.87,4.45,4.17,4.06,4.7,5.95,7.42,8.34,8.17,7.08,5.5,3.78,2.22,1.11,0.82,1.26,1.54,1.47,1,0.42,-0.07,-0.15,0.54,1.08,0.21,-1.77,-3.46,-4.19,-4.06,-3.36,-2.47,-1.61,-1.06,-1.06,-1.56,-2.11,-2.37,-2.33,-2.22,-2.02,-1.13,0.28,0.64,0.33,1.77,4.86,7.77,9.5,9.6,9.06,9.14,9.74,10,9.51,8.89,8.75,8.99,9.16,9.2,9.02,7.81,5.4,2.66,0.86,0.83,2.03,3.22,4.16,5.56,7.56,8.87,8.69,8.08,7.63,7.23,6.86,6.12
0.34,0.76,1.67,3,4.08,4.4,4.46,4.86,5.45,6.22,6.91,6.61,5.66,5.12,4.81,3.88,2.38,1.15,0.72,0.74,0.42,-0.61,-2.04,-2.75,-1.58,0.61,1.07,-0.88,-3.02,-3.71,-2.97,-1.7,-0.81,-0.52,-0.52,-0.83,-1.61,-2.51,-3.17,-3.36,-2.88,-1.77,-0.5,0.26,-0.47,-2.21,-2.18,0.53,4.26,8.03,11.02,12.12,11.6,11.15,11.54,11.94,11.64,10.82,10.02,9.37,8.64,8.13,8.14,7.79,6.53,4.75,3.06,2.13,2.11,2.79,3.94,5.2,5.86,5.73,5.62,5.81,5.61,4.75,3.8,3.06
0.69,1.18,1.91,3.01,4.07,4.57,4.68,4.78,5.08,5.54,5.71,5.21,4.33,3.6,3.16,2.84,2.39,1.88,1.42,1.03,0.5,-0.17,-0.54,-0.27,0.35,0.47,-0.48,-2.01,-3.21,-3.55,-3.24,-2.82,-2.47,-1.96,-1.74,-2.37,-3.24,-3.36,-2.71,-1.86,-1.04,-0.26,0.22,-0.22,-1.83,-3.21,-2.37,0.61,4.22,7.24,9.07,10.16,11.36,12.53,12.99,12.68,11.84,11.04,10.62,9.77,8.06,6.84,6.89,7.08,6.69,5.98,5.07,4.13,3.52,3.4,3.51,3.69,3.7,3.46,3.45,3.66,3.73,3.49,2.89,2.14
2.42,2.69,2.51,2.27,2.48,3.26,3.91,3.79,3.27,2.95,2.87,3.21,3.97,4.48,4.43,4.14,3.79,3.38,2.9,2.35,1.87,1.46,1.06,0.68,0.28,-0.29,-1.19,-2.23,-3.06,-3.51,-3.59,-3.38,-2.92,-2.65,-2.96,-3.36,-3.08,-2.27,-1.67,-1.51,-1.28,-0.59,0.2,0.43,0.11,0.01,0.98,2.97,5.29,7.36,7.95,6.56,6.07,8.62,11.7,12.53,11.29,9.62,8.79,8.19,7.24,6.98,7.32,6.88,5.71,4.77,4.12,3.61,3.41,3.39,3.33,3.21,2.92,2.43,2.01,1.98,2.36,2.9,3.44,3.79
2.9,3.94,4.4,3.91,2.88,2.14,1.95,1.86,1.75,1.84,2.04,2.34,2.8,3.29,3.52,3.54,3.52,3.49,3.29,2.78,1.9,0.79,-0.25,-0.96,-1.31,-1.56,-1.9,-2.24,-2.47,-2.46,-2.15,-1.68,-1.3,-1.2,-1.38,-1.56,-1.51,-1.34,-1.29,-1.23,-0.78,0.18,1.22,1.91,2.27,2.86,3.99,5.23,6.14,6.92,6.42,3.13,0.24,2.12,6.79,9.85,10.4,9.33,7.7,6.26,5.66,5.84,5.78,4.92,3.78,2.92,2.54,2.53,2.73,3.22,3.82,4.35,4.58,4.3,3.7,3.23,3.17,3.29,3.33,3.36
1.35,1.98,2.88,3.71,3.99,3.59,2.77,1.9,1.38,1.37,1.59,1.76,1.83,1.86,1.89,2.02,2.27,2.49,2.57,2.38,1.67,0.25,-1.42,-2.31,-2.23,-1.94,-1.95,-2.05,-1.97,-1.64,-1.1,-0.47,0.08,0.46,0.65,0.75,0.84,1,1.23,1.53,1.94,2.46,3.02,3.54,4.14,4.75,4.87,4.71,5.05,5.1,2.73,-1.56,-3.2,-1.2,1.68,4.44,5.84,6.46,6.98,6.65,5.46,4.34,3.72,3.72,4.23,4.84,5.24,5.4,5.52,5.73,5.95,6.02,5.93,5.75,5.5,5.2,4.87,4.59,4.37,4.22
0.51,0.79,1.26,1.86,2.35,2.6,2.6,2.33,1.79,1.21,0.86,0.79,0.85,0.88,0.88,0.93,1.09,1.24,1.22,0.97,0.5,-0.19,-1,-1.65,-1.87,-1.72,-1.41,-0.99,-0.46,0.18,0.85,1.5,2.12,2.66,3,3.06,2.95,2.78,2.63,2.68,3.11,3.88,4.55,4.75,4.26,3.15,2.19,2.3,2.64,1.13,-1.68,-2.37,-1.34,-0.36,1.4,3.3,4.27,3.78,3.89,4.2,4.03,4.05,4.07,3.82,3.94,4.75,6.02,7.25,8.11,8.62,9.11,9.32,9,8.47,7.76,6.85,5.91,5.03,4.3,3.88
0.07,-0.33,-0.57,-0.17,0.9,2.09,2.63,2.16,1.05,0.04,-0.39,-0.31,0.01,0.27,0.38,0.35,0.28,0.19,0.07,-0.12,-0.36,-0.67,-1.02,-1.34,-1.36,-0.77,0.57,2.29,3.6,4.1,4.23,4.44,4.67,4.71,4.52,4.16,3.68,3.16,2.93,3.3,3.91,4.05,3.52,2.38,1.16,0.57,0.23,0.9,0.02,-1.78,-1.54,-0.76,1.2,3.52,5.3,5.8,5.58,6.12,7.89,8.71,8.09,7.38,9.57,12.54,12.06,10.74,9.33,6.38,8.25,13.93,15.16,14.78,12.07,9.43,8.04,6.65,5.17,4.1,3.04,1.9
2,1.74,0.97,-0.11,-0.85,-0.62,0.48,1.33,0.9,-0.43,-1.38,-1.43,-1.03,-0.67,-0.48,-0.41,-0.39,-0.32,-0.25,-0.3,-0.52,-0.88,-1.14,-1.12,-0.82,-0.22,0.69,1.73,2.65,3.51,4.19,4.43,4.59,3.99,3.16,2.6,2.68,3.06,2.67,2.36,1.55,0.66,-0.13,-0.43,0.03,0.98,2.35,3.31,3,1.43,-0.06,-0.24,0.67,2.22,4.13,5.41,5.86,6.51,7.79,8.76,8.99,8.62,8.42,8.79,9.73,10.68,11.24,10.87,16.14,16.45,16.48,13.99,10.16,9.16,10.11,9.86,7.43,4.26,-2.38,-0.52
1.3,1.32,1.36,1.13,0.43,-0.4,-0.94,-1.37,-1.86,-2.13,-1.81,-1.03,-0.3,0.34,0.91,1.04,0.25,-0.71,-1.32,-1.18,-0.53,0.17,0.61,0.95,1.32,1.64,1.84,1.84,1.84,2.12,2.21,1.58,0.56,-0.26,0.37,1.86,2.45,2.33,1.25,-0.46,-2.13,-2.57,-2.48,-2.25,-2.14,-1.8,-0.94,0.22,1.17,1.45,1.26,1.21,1.45,1.95,2.83,4.02,5.2,6.26,7.25,8.13,8.9,9.67,10.44,10.55,9.94,9.87,11.31,12.03,10.76,13.14,12.29,9.47,6.88,4.79,1.18,3.05,7.09,5.27,3.55,3.28
-0.22,-0.18,-0.1,-0.15,-0.37,-0.9,-1.46,-1.89,-1.51,-1.03,-0.9,-0.87,0,0.6,1.36,1.22,0.35,-0.31,-0.28,-0.52,-0.75,-0.68,-0.2,1.05,2.77,3.75,3.37,1.51,-0.42,-1.22,-1.56,-1.84,-1.67,-1.21,-0.86,-0.42,0.52,1.75,2.44,1.92,0.51,-0.74,-1.39,-1.73,-1.91,-1.84,-1.58,-1.18,-0.62,0.1,0.9,1.77,2.63,3.38,4.04,4.74,5.42,6,6.41,6.63,6.69,6.74,7.05,7.75,8.58,9.58,10.6,14.54,15.76,12.84,10.13,6.33,4.18,-0.78,-0.21,0.68,1.37,1.94,2.16,1.79
-1.32,-1.6,-2.09,-2.14,-2.03,-2.42,-3.04,-3.16,-2.74,-2.48,-2.72,-3.11,-3.07,-2.36,-1.07,-0.13,-0.07,-0.49,-0.93,-1.29,-1.58,-1.42,-0.78,-0.42,-0.45,0.12,1.49,2.42,2.11,1.02,0.15,-0.08,-0.1,-0.27,-0.47,-0.33,0.22,0.87,1.21,1.02,0.56,0.15,-0.11,-0.25,-0.34,-0.34,-0.25,-0.05,0.3,0.81,1.49,2.37,3.35,4.22,4.86,5.31,5.71,6.1,6.46,6.7,6.82,6.96,7.15,7.51,8.14,8.69,13.03,13.82,10.19,8.64,5.61,1.45,-1.92,0.17,0.31,0.32,0.48,0.63,0.52,0.33
0.49,1.33,0.76,-0.35,-0.43,0.78,1.45,-0.31,-3.39,-4.86,-4,-2.63,-1.82,-0.93,0.54,1.84,2.05,1.51,0.98,0.51,-0.07,-0.7,-1.2,-1.36,-0.95,0.23,1.83,2.83,2.58,1.51,0.44,-0.1,-0.19,-0.21,-0.33,-0.55,-0.73,-0.7,-0.47,-0.25,-0.15,-0.09,0.05,0.23,0.41,0.58,0.79,1.06,1.47,2.05,2.8,3.61,4.34,4.93,5.35,5.68,5.98,6.25,6.53,6.97,7.59,8.03,7.99,7.7,7.56,13.92,10.81,7.24,6.21,3.14,2.21,1.71,0.7,-0.4,-0.78,-0.84,-0.77,-0.53,-0.34,-0.41
3.78,3.02,1.98,1.11,0.72,0.64,0.23,-1.04,-2.67,-3.49,-3.13,-2.31,-1.71,-1.33,-0.9,-0.53,-0.47,-0.69,-0.91,-1.01,-1.01,-1.01,-0.94,-0.74,-0.42,-0.01,0.45,0.83,0.96,0.84,0.52,0.07,-0.37,-0.69,-0.9,-1.03,-1.11,-1.1,-0.95,-0.67,-0.33,0,0.29,0.57,0.88,1.27,1.74,2.27,2.88,3.53,4.2,4.82,5.36,5.78,6.11,6.32,6.44,6.58,6.88,7.39,8.04,8.8,9.59,10.27,10.54,11.15,11.29,8.23,5.47,3.16,1.95,0.68,-0.65,-1.52,-1.91,-2.09,-2.17,-2.06,-1.88,-1.83
2.17,2.2,2.05,1.74,1.28,0.73,0.08,-0.58,-1.15,-1.53,-1.73,-1.8,-1.79,-1.75,-1.75,-1.87,-2.12,-2.41,-2.62,-2.67,-2.58,-2.39,-2.11,-1.71,-1.23,-0.78,-0.42,-0.2,-0.12,-0.15,-0.24,-0.36,-0.49,-0.64,-0.77,-0.87,-0.89,-0.83,-0.66,-0.4,-0.12,0.19,0.58,1.03,1.53,2.07,2.66,3.28,3.86,4.37,4.86,5.35,5.84,6.3,6.71,7.03,7.27,7.5,7.78,8.13,8.46,8.72,9,9.34,9.54,9.33,8.68,7.7,6.61,5.51,4.28,2.94,1.66,0.46,-0.68,-1.6,-2.07,-2.19,-2.22,-2.34
0.89,0.81,0.71,0.57,0.37,0.1,-0.22,-0.53,-0.77,-0.93,-0.98,-0.95,-0.93,-1.02,-1.29,-1.68,-2.11,-2.46,-2.67,-2.79,-2.86,-2.92,-2.96,-2.93,-2.79,-2.55,-2.25,-1.92,-1.61,-1.35,-1.16,-1.04,-0.98,-0.98,-1,-1,-0.94,-0.83,-0.64,-0.35,0.05,0.52,1.03,1.56,2.1,2.62,3.11,3.6,4.06,4.49,4.88,5.25,5.61,5.98,6.32,6.66,6.96,7.26,7.6,7.99,8.31,8.44,8.37,8.15,7.89,7.68,7.43,6.99,6.43,5.79,4.97,3.99,3.05,2.22,1.43,0.61,-0.26,-1.1,-1.79,-2.25
0.24,0.1,-0.07,-0.28,-0.54,-0.82,-1.05,-1.19,-1.18,-1.04,-0.85,-0.73,-0.77,-1,-1.41,-1.87,-2.32,-2.68,-2.93,-3.1,-3.2,-3.29,-3.37,-3.42,-3.45,-3.47,-3.47,-3.43,-3.36,-3.23,-3.06,-2.86,-2.66,-2.47,-2.28,-2.09,-1.89,-1.63,-1.3,-0.91,-0.46,0.03,0.55,1.1,1.63,2.16,2.66,3.11,3.52,3.92,4.27,4.58,4.85,5.12,5.41,5.71,5.96,6.11,6.16,6.15,6.15,6.17,6.18,6.15,6.12,6.11,6.16,6.22,6.27,6.23,6.05,5.67,5.11,4.41,3.65,2.82,1.97,1.15,0.37,-0.37
-0.5,-0.67,-0.86,-1.07,-1.28,-1.42,-1.47,-1.37,-1.1,-0.76,-0.47,-0.37,-0.56,-0.98,-1.54,-2.08,-2.55,-2.9,-3.14,-3.29,-3.39,-3.48,-3.57,-3.64,-3.7,-3.73,-3.73,-3.7,-3.64,-3.57,-3.48,-3.38,-3.27,-3.19,-3.13,-3.1,-3.06,-3,-2.86,-2.63,-2.27,-1.8,-1.22,-0.59,0.08,0.74,1.35,1.92,2.41,2.83,3.19,3.53,3.86,4.18,4.5,4.8,5.08,5.33,5.51,5.58,5.56,5.49,5.45,5.43,5.42,5.36,5.25,5.1,4.97,4.91,4.93,4.96,4.95,4.84,4.65,4.43,4.15,3.74,3.15,2.4
-1.58,-1.73,-1.82,-1.86,-1.81,-1.67,-1.43,-1.07,-0.66,-0.29,-0.1,-0.17,-0.52,-1.08,-1.71,-2.33,-2.85,-3.25,-3.53,-3.72,-3.81,-3.86,-3.89,-3.9,-3.92,-3.93,-3.94,-3.94,-3.95,-3.96,-3.96,-3.96,-3.95,-3.94,-3.93,-3.91,-3.87,-3.8,-3.67,-3.5,-3.27,-2.98,-2.6,-2.13,-1.55,-0.9,-0.21,0.47,1.14,1.78,2.37,2.89,3.35,3.74,4.06,4.32,4.53,4.69,4.8,4.85,4.86,4.81,4.73,4.64,4.55,4.51,4.5,4.52,4.5,4.41,4.2,3.93,3.68,3.49,3.38,3.35,3.45,3.64,3.85,3.93
-2.09,-2.1,-2.1,-2.05,-1.93,-1.73,-1.45,-1.12,-0.8,-0.58,-0.51,-0.67,-1.05,-1.58,-2.2,-2.82,-3.35,-3.78,-4.12,-4.37,-4.55,-4.65,-4.69,-4.71,-4.7,-4.69,-4.67,-4.65,-4.62,-4.59,-4.57,-4.56,-4.55,-4.53,-4.49,-4.45,-4.38,-4.3,-4.19,-4.05,-3.88,-3.66,-3.37,-3,-2.54,-1.97,-1.3,-0.56,0.22,1.01,1.76,2.42,2.97,3.4,3.71,3.92,4.04,4.08,4.04,3.92,3.73,3.48,3.21,2.94,2.73,2.57,2.49,2.45,2.42,2.37,2.25,2.08,1.86,1.66,1.49,1.37,1.3,1.24,1.17,1.09
-2.07,-2.1,-2.12,-2.12,-2.09,-2.03,-1.94,-1.82,-1.71,-1.64,-1.61,-1.67,-1.84,-2.14,-2.55,-3.04,-3.57,-4.08,-4.53,-4.91,-5.21,-5.43,-5.57,-5.66,-5.7,-5.72,-5.74,-5.75,-5.77,-5.76,-5.73,-5.66,-5.58,-5.48,-5.37,-5.23,-5.07,-4.87,-4.64,-4.38,-4.12,-3.83,-3.52,-3.17,-2.77,-2.32,-1.82,-1.3,-0.75,-0.21,0.33,0.82,1.28,1.66,1.97,2.18,2.31,2.37,2.37,2.32,2.25,2.16,2.04,1.91,1.76,1.62,1.49,1.35,1.2,1.06,0.92,0.78,0.66,0.57,0.48,0.42,0.37,0.34,0.31,0.26
-0.77,-0.99,-1.17,-1.32,-1.43,-1.51,-1.56,-1.57,-1.54,-1.48,-1.41,-1.34,-1.31,-1.32,-1.4,-1.56,-1.81,-2.14,-2.54,-2.98,-3.45,-3.9,-4.32,-4.69,-4.99,-5.19,-5.32,-5.37,-5.38,-5.38,-5.39,-5.42,-5.44,-5.45,-5.43,-5.37,-5.26,-5.11,-4.92,-4.68,-4.42,-4.14,-3.87,-3.63,-3.4,-3.17,-2.92,-2.63,-2.31,-1.96,-1.61,-1.3,-1.03,-0.83,-0.7,-0.64,-0.61,-0.61,-0.59,-0.55,-0.46,-0.36,-0.23,-0.1,0.01,0.1,0.15,0.19,0.21,0.23,0.24,0.28,0.32,0.38,0.43,0.48,0.52,0.52,0.5,0.44
0.22,0.06,-0.1,-0.24,-0.37,-0.47,-0.56,-0.64,-0.71,-0.77,-0.85,-0.95,-1.06,-1.19,-1.33,-1.49,-1.66,-1.86,-2.06,-2.28,-2.53,-2.79,-3.07,-3.37,-3.67,-3.96,-4.23,-4.47,-4.65,-4.8,-4.91,-4.98,-5.03,-5.06,-5.07,-5.06,-5.01,-4.94,-4.83,-4.68,-4.52,-4.34,-4.17,-4.02,-3.89,-3.78,-3.7,-3.63,-3.55,-3.47,-3.39,-3.32,-3.25,-3.19,-3.14,-3.1,-3.05,-2.99,-2.91,-2.8,-2.65,-2.48,-2.27,-2.05,-1.82,-1.59,-1.36,-1.15,-0.95,-0.75,-0.57,-0.4,-0.25,-0.12,-0.01,0.07,0.12,0.13,0.12,0.07
1.44,1.35,1.25,1.15,1.04,0.94,0.85,0.74,0.64,0.53,0.4,0.27,0.12,-0.04,-0.23,-0.44,-0.68,-0.93,-1.21,-1.5,-1.8,-2.1,-2.39,-2.67,-2.92,-3.16,-3.39,-3.6,-3.8,-3.99,-4.15,-4.3,-4.41,-4.5,-4.56,-4.62,-4.66,-4.69,-4.72,-4.72,-4.7,-4.65,-4.58,-4.49,-4.39,-4.3,-4.21,-4.14,-4.08,-4.03,-3.98,-3.93,-3.87,-3.82,-3.76,-3.7,-3.63,-3.57,-3.5,-3.43,-3.34,-3.23,-3.1,-2.94,-2.77,-2.57,-2.35,-2.11,-1.87,-1.63,-1.41,-1.21,-1.03,-0.88,-0.77,-0.68,-0.63,-0.59,-0.57,-0.56
