gfs.json
{"header": {"discipline":0,"disciplineName":"Meteorological products","gribEdition":2,"gribLength":131256,"center":7,"centerName":"US National Weather Service - NCEP(WMC)","subcenter":0,"refTime":"2014-07-03T12:00:00.000Z","significanceOfRT":1,"significanceOfRTName":"Start of forecast","productStatus":0,"productStatusName":"Operational products","productType":1,"productTypeName":"Forecast products","productDefinitionTemplate":0,"productDefinitionTemplateName":"Analysis/forecast at horizontal level/layer at a point in time","parameterCategory":2,"parameterCategoryName":"Momentum","parameterNumber":2,"parameterNumberName":"U-component_of_wind","parameterUnit":"m.s-1","genProcessType":2,"genProcessTypeName":"Forecast","forecastTime":6,"surface1Type":103,"surface1TypeName":"Specified height level above ground","surface1Value":10,"surface2Type":255,"surface2TypeName":"Missing","surface2Value":0,"gridDefinitionTemplate":0,"gridDefinitionTemplateName":"Latitude_Longitude","numberPoints":65160,"shape":6,"shapeName":"Earth spherical with radius of 6,371,229.0 m","gridUnits":"degrees","resolution":48,"winds":"true","scanMode":0,"nx":360,"ny":181,"basicAngle":0,"subDivisions":0,"lo1":0,"la1":90,"lo2":359,"la2":-90,"dx":1,"dy":1}, "data":
[rows 35 to 69 of 181, columns 158 to 236 of 360]
2.46,0.59,1.35,1.6,-0.91,0.25,2.91,4.09,3.1,3.75,4.49,5.51,6.46,7.23,7.87,8.28,8.21,7.89,7.32,6.28,5.05,3.41,1.51,-0.33,-1.92,-3.59,-4.46,-3.92,-3.84,-4.42,-5.43,-6.44,-7.36,-8.44,-8.8,-8.23,-5.75,-3.22,-3.23,-3.37,-3.3,-3.21,-2.73,-2.03,-1.44,-0.86,0.03,1.06,2.01,2.78,3.43,4,4.59,5.07,5.09,4.75,4.18,3.42,2.53,1.86,1.16,-0.69,-2.7,-3.38,-2.93,-3.56,-5.76,-7.75,-9.21,-5.84,-5.9,-1.45,0.22,-0.43,1.02,1.16,2.01,2.97,3.04
1.65,2.37,2.04,-0.15,1.49,3.26,3.94,4.35,4.87,5.42,5.68,5.78,5.97,6.24,6.36,6.39,6.16,5.74,5.02,4.09,2.54,1.06,0.18,-1.06,-2.33,-3.56,-4.54,-4.92,-5.49,-5.95,-6.81,-7.66,-7.92,-7.45,-5.38,-4.34,-4.29,-6.88,-6.62,-5.51,-5.32,-5.4,-5.36,-5.12,-4.85,-4.33,-3.47,-2.32,-1.14,-0.11,0.67,1.44,2.33,3.14,3.71,4.1,4.34,4.37,4.15,3.84,4.01,3.74,1.65,-2.18,-3.22,-1.69,-0.42,0.85,0.14,-0.83,-6.53,-6.88,-1.81,-0.98,1.87,1.83,2.26,1.89,1.24
2.24,2.19,1,3.02,4.67,5.08,5.01,4.76,4.65,4.86,4.81,4.47,4.87,4.74,3.56,3.08,3.22,3.1,2.4,1.34,0.21,-0.3,-0.58,-1.43,-2.19,-3.67,-4.45,-4.88,-5.27,-5.5,-6.71,-7.73,-7.68,-7.34,-7.8,-8.35,-7.15,-6.5,-6.35,-6.57,-6.82,-7.13,-7.41,-7.51,-7.36,-6.88,-6.15,-5.32,-4.53,-3.89,-3.18,-2,-0.51,0.85,2.12,3.15,4.01,4.79,5.39,5.71,6.17,6.94,7.84,7.56,4.85,3.22,4.11,5.11,3.02,-0.05,-0.67,-4.71,-6.92,-3.07,0.77,2.14,2.25,2.72,1.39
2.72,4.09,6.72,7.13,6.84,6.63,6.26,5.67,5.04,4.31,3.12,2.83,2.87,1.57,1.02,1.27,0.58,0.06,-0.25,-0.79,-1.02,-0.89,-0.69,-0.85,-1.84,-2.34,-2.79,-3.37,-2.7,-2.66,-2.95,-3.07,-4.09,-5.58,-6.33,-7.11,-7.84,-7.66,-7.69,-8.15,-8.64,-9.13,-9.39,-9.64,-9.59,-9.15,-8.48,-7.72,-6.94,-6.11,-5.41,-4.74,-3.57,-2.09,-0.56,0.96,2.38,3.59,4.82,5.97,7.05,8.13,9.01,9.69,10.29,10.15,10.09,9.67,8.55,6.65,4.46,3.03,1.8,-4.43,-0.79,1.93,2.41,2.69,2.26
6.83,7.61,7.58,7.21,7.1,6.78,6.43,5.61,4.62,3.1,1.75,1.94,1.46,-0.03,0.08,0.32,-0.68,-1.29,-1.68,-1.7,-1.56,-1.42,-0.92,-0.59,-0.08,0.18,-0.25,-1.7,-1.75,-0.07,0.24,-0.09,-1.98,-4.85,-6.43,-7.21,-7.89,-8.27,-8.58,-9.08,-9.97,-10.99,-12.17,-12.99,-13.01,-12.42,-11.4,-10.19,-8.82,-7.58,-6.62,-5.81,-4.66,-3.2,-1.93,-0.73,0.41,1.59,3,4.3,5.51,6.79,7.94,8.94,9.59,9.65,9.77,9.6,9.23,8.62,7.55,5.61,4.54,0.5,-1.53,0.72,1.72,1.5,2.62
5.07,5,4.87,4.81,4.74,4.64,4.84,4.36,3.38,2.2,1.07,0.69,0.31,-0.46,-0.2,0.52,-0.7,-1.26,-1.07,-1.41,-1.24,-1.15,-0.72,-0.32,0.59,1.42,1.17,-0.58,-1.61,-0.95,-0.36,0.04,-1.47,-4.65,-6.37,-7.48,-7.77,-8.11,-8.3,-9.15,-10.45,-12.79,-15.08,-15.91,-15.88,-15.4,-14.56,-13.61,-12.49,-10.97,-9.56,-7.89,-6.27,-5.03,-3.72,-1.93,0.03,1.62,2.77,3.7,4.54,5.63,6.92,7.82,8.63,9.17,9.48,9.32,8.87,8.57,7.87,6.67,5.37,2.38,-1.89,0.85,0.99,-0.88,1.43
-0.23,-0.07,-0.22,-0.2,-0.06,0.28,1.24,1.66,1.9,1.54,0.83,0.16,-0.53,-0.84,-0.56,0.28,-0.21,-1.18,-0.38,-0.56,-0.96,-1.23,-0.81,-0.23,0.62,0.85,0.73,0.19,-0.94,-1.47,-1.12,-1.11,-2.53,-5.11,-6.66,-7.55,-7.59,-7.01,-6.87,-7.13,-8.12,-11.7,-12.69,-12.24,-12.73,-12.8,-13.16,-13.61,-14.17,-13.97,-13.04,-12.2,-10.79,-8.81,-6.6,-4.66,-2.93,-1.18,0.71,2.5,4.01,5,5.67,6.33,7.03,7.38,7.9,8.37,8.66,8.52,7.36,6.92,5.86,4.92,2.86,1.34,2.29,1.74,0.31
-3.94,-3.43,-2.73,-2.3,-2.61,-2.32,-1.4,-0.66,-0.12,0.03,0.16,-0.43,-1.23,-0.76,-0.48,0.04,0.54,-0.13,0.3,0.44,-0.34,-0.35,0.01,0.07,0.1,0.35,0.66,0.64,0.46,0,-0.28,-0.67,-0.9,-0.9,-3.08,-6.17,-6.86,-5.04,-3.02,-1.08,1.1,2.18,1.69,-0.2,-1.52,-2.46,-3.05,-3.96,-7.21,-10.17,-12.19,-13.07,-13.09,-11.95,-10.65,-8.88,-6.71,-4.31,-2,0.08,1.95,3.45,4.41,5.09,5.93,6.53,6.81,6.97,7.14,7.24,7.11,6.33,5.35,4.88,4.06,3.61,2.71,2.42,2.23
-5.16,-4.68,-4.25,-3.87,-3.56,-3.35,-2.41,-1.55,-1.01,-0.81,-0.56,-1.02,-1.08,-0.6,-0.46,-0.02,0.38,0.53,1.07,1.89,1.95,2.02,2.35,2.3,1.86,1.87,2.34,2.84,2.4,1.79,1.78,1.71,2.17,3.1,4.34,5.24,3.82,1.78,2.11,4.77,7.58,8.61,7.64,6.16,4.77,3.36,2.44,3.01,3.76,2.08,-1.69,-6.81,-10.44,-11.42,-11.38,-10.54,-8.86,-6.84,-4.8,-2.62,-0.2,2.05,3.63,4.58,5.08,5.42,5.63,5.24,4.83,4.83,4.96,4.56,4.48,4.88,4.62,4.11,3.1,3.37,4.04
-6.62,-6.2,-5.89,-5.46,-4.95,-4.45,-4.14,-3.54,-2.52,-1.88,-1.82,-1.99,-1.63,-0.72,-0.44,-0.08,0.12,0.6,1.22,1.86,2.58,3.26,3.48,3.46,3.56,3.73,4.02,4.62,5.68,5.06,3.7,2.92,2.18,2.16,2.33,2.78,3.95,5.78,7.68,9.02,9.66,9.91,9.58,8.49,7.41,5.78,4.77,4.69,5.12,5.33,5.58,5.72,2.58,-3.46,-8.37,-9.81,-9.15,-7.25,-5.44,-3.89,-2.58,-0.76,1.67,3.48,4.41,4.81,5.12,5.15,4.76,4,3.22,3.65,4.74,5.38,4.76,3.64,2.44,1.99,2.26
-6.75,-7.02,-6.93,-6.63,-6.33,-5.51,-4.82,-4.74,-4.63,-3.83,-3.07,-2.81,-2.42,-1.45,-0.44,0.31,0.38,0.4,0.71,1.42,2.48,3.49,4.17,4.43,4.84,5.26,5.59,5.45,5.47,6.36,6.52,6.82,6.92,6.92,6.88,7.01,6.83,6.51,6.63,7.13,7.61,8.03,7.81,7.21,6.5,5.64,5.45,5.31,5.7,6.35,6.36,6.5,6.44,6.08,3.48,-3.49,-7.78,-7.1,-4.6,-2.79,-1.53,-0.95,-0.84,0.5,2.68,3.73,4.29,4.92,5.44,5.77,5.81,6.11,6.05,4.97,4.11,3.09,1.93,1.55,1.62
-4.51,-5.29,-6.27,-6.57,-6.68,-6.95,-6.37,-5.44,-5.01,-4.69,-3.98,-3.08,-2.56,-2.06,-1.6,-1,-0.69,-0.24,0.5,1.25,2.2,3.25,4.47,5.57,6.09,6.33,6.36,6.56,6.71,7.24,8.07,8.86,9.25,9.29,9.06,8.89,8.66,8.27,8.12,7.75,7.43,7.6,7.43,6.87,6.55,5.91,5.18,5.07,5.58,6.17,5.94,6.46,6.92,6.72,5.6,4.07,-0.61,-5.25,-4.02,-1.88,-0.6,0.36,1.55,0.88,0.11,1.68,3.17,4.03,4.55,4.57,4.53,4.53,4.15,3.47,3.3,2.41,1.63,1.45,1.43
-1.99,-3.07,-4.02,-5.2,-5.97,-6.45,-6.96,-6.82,-6.38,-5.71,-5.01,-4.17,-3.47,-2.82,-2.53,-1.97,-1.24,-0.37,0.59,1.63,2.89,4.08,5.13,6.06,6.58,6.78,6.81,6.77,6.95,7.49,8.33,9.33,9.87,10.03,9.89,9.75,9.55,9.06,8.74,8.89,8.49,8.42,8.46,7.89,7.29,6.36,5.24,5.43,5.63,5.57,5.83,6.29,6.63,6.71,5.6,3.37,2.26,-0.72,-1.88,-0.86,0.56,0.92,1.16,2.65,1.95,-0.17,0.42,1.94,3.02,3.53,3.79,3.79,3.3,2.64,2.13,1.68,0.88,0.6,0.13
-1.57,-2.34,-3.38,-4.36,-5.27,-5.93,-6.49,-6.65,-6.52,-5.79,-5.49,-4.64,-3.66,-2.58,-1.24,0.2,1.22,2.05,2.81,3.43,4.23,5.02,5.82,6.63,7.13,7.4,7.57,7.65,7.33,7.49,8.03,8.57,9.09,9.54,9.9,10.07,10.08,9.71,8.97,8.66,8.57,8.51,8.41,8.72,8.33,7.58,6.29,6.06,6.31,6.04,6.3,6.74,7.07,7.19,4.45,2.5,1.76,1.04,-0.16,0.11,1.17,1.66,1.62,2.2,3.53,3.61,3,3.08,2.97,2.67,2.62,2.71,2.37,1.57,1.12,1.59,1.19,3.9,0.92
-3.18,-3.43,-4.12,-4.96,-5.82,-6.05,-6.15,-6.26,-6.16,-5.68,-5.27,-4.57,-3.71,-2.65,-1.3,-0.09,0.9,1.87,2.68,3.2,3.95,5.01,5.96,6.68,7.12,7.45,7.62,7.65,7.99,8.22,8.48,8.92,9.37,9.74,10.04,9.9,9.61,9.36,9.11,8.79,7.92,7.68,8.25,8.48,8.48,8.47,6.98,7.2,7.41,6.84,6.86,7.29,8.54,7,3.7,2.29,1.82,1.83,0.86,0.69,1.62,1.84,1.98,1.85,2.32,3.1,3,2.05,1.68,2.03,2.07,1.62,1.26,0.33,0.54,1.63,2.52,3.49,3.46
-3.29,-3.05,-2.66,-2.97,-3.67,-2.98,-1.94,-1.21,-0.74,-0.51,-0.12,0.76,2.08,3.17,3.73,4.1,4.65,5.05,5.29,5.52,5.49,5.21,5.28,5.8,6.23,6.58,6.86,7.08,7.36,7.81,8.27,8.7,9.09,9.25,9.32,9.22,8.92,8.76,8.79,8.44,7.64,7.64,7.88,7.93,8.32,8.53,8,7.27,7.43,7.44,7.44,8.64,8,5.48,4.5,3.26,2.31,1.89,2.11,1.55,2.03,1.9,1.73,1.14,0.76,1.43,1.96,1.48,0.93,0.82,0.2,-0.33,-0.32,-0.39,0.66,1.49,3.17,3.36,3.21
-1.32,-1.54,-0.66,-0.05,-0.5,-0.67,-0.54,-0.87,-0.52,0.58,1.35,1.76,1.94,2.09,2.14,2.1,2.42,2.93,3.59,4.18,4.47,4.61,5,5.19,5.35,5.52,5.88,6.14,6.38,6.82,7.44,8,8.3,8.47,8.3,7.93,7.51,7.37,6.71,6.83,7.09,7.54,7.58,7.8,8.08,7.94,7.44,7.1,7.19,7.22,8.1,8.14,6.27,5.68,4.67,3.58,2.17,2.48,2.93,2.25,1.93,1.12,0.53,-0.12,-0.41,-0.02,0.64,0.4,-0.04,0.09,-0.83,-0.66,-0.45,-0.24,1.13,1.57,3.37,4.69,6.48
-0.33,1.01,1.59,1.05,0.35,0.06,-0.49,-0.13,0.22,0.2,0.02,0.17,0.29,0.48,0.35,0.34,0.5,0.93,1.82,2.75,3.45,4.44,5.35,5.82,6.11,6.44,6.64,6.72,6.46,5.96,6.41,7.04,7.23,7.39,7.23,6.99,7.58,6.45,5.12,6.06,6.6,6.97,7.3,7.52,7.5,7.05,6.74,6.67,6.64,7.33,7.99,6.49,5.75,5.34,4.82,3.56,2.33,2.98,2.94,1.87,1.21,0.6,0.08,-0.85,-1.63,-1.25,-0.55,-0.48,-1.19,-1.2,-1.37,-1.11,-0.52,-0.02,1.52,2.04,3.15,5.5,6.29
-0.7,0.27,1.81,1.48,0.73,0.35,0.35,0.38,-0.26,-1.17,-1.56,-1.61,-1.56,-1.25,-0.19,1.48,3.5,5.62,6.09,5.64,5.58,5.52,5.95,6.46,6.69,7,7.34,7.63,7.66,7.12,6.4,6.73,7.14,7.44,7.72,9,10.34,9.25,5.7,5.77,6.37,6.52,6.84,6.97,6.68,6.51,6.17,5.96,6.98,8.07,6.86,5.62,5.04,4.92,4.18,3.03,2.67,2.67,2.02,1.19,0.78,0.45,0.06,-0.56,-1.82,-2.34,-2.37,-2.1,-2.06,-2.11,-1.71,-1.14,-0.87,0.05,1.88,2.53,3.17,4.85,5.82
-1.21,-0.81,-0.06,0.14,0.34,-0.02,0.31,-0.23,-0.79,-1.23,-1.12,-0.19,1.69,4.35,6.34,7.03,6.96,6.5,6,6.22,6.98,7.14,6.92,6.87,6.94,6.72,6.71,7.13,7.57,8.07,8.37,8.7,8.98,9.34,10.13,10.54,10.05,9.22,7.57,6.49,6.44,6.21,6.18,6.34,6.46,6.4,6.08,7.27,7.38,6.4,6,4.82,4.58,4.51,3.58,2.34,2.31,1.55,0.9,0.29,-0.06,-0.57,-1.42,-1.42,-1.81,-2.23,-2.53,-2.51,-2.57,-2.54,-2.29,-2.08,-1.57,-0.6,0.67,2.05,3.16,3.93,4.25
-2.76,-2.1,-1.75,-1.46,-1.17,-0.28,0.02,-1.18,-1.16,-0.69,0.61,1.9,3.39,4.8,5.89,5.81,5.41,5.48,5.46,5.56,5.89,6.4,6.64,6.81,7.03,6.92,6.75,6.8,6.92,7.23,7.62,8.16,8.9,9.2,9.03,8.98,8.94,8.55,7.71,6.74,6.31,5.98,6.08,6.45,6.61,6.86,7.4,6.75,5.9,5.94,5.02,4.3,4.15,4.26,3.02,1.35,0.97,0.37,-0.21,-0.96,-2.03,-2.52,-3.05,-2.65,-2.35,-2.5,-2.8,-2.64,-2.09,-2.21,-2.03,-1.98,-1.86,-1.2,-0.58,0.48,1.96,3.23,3.14
-4.12,-3.14,-2.81,-2.55,-2.16,-2.25,-4.47,-3.5,-2.8,-2.85,-1.11,0.61,3.16,4.78,4.74,4.68,4.82,4.93,5.22,5.37,5.43,5.43,5.6,5.71,5.7,5.66,5.72,5.95,6.13,6.35,6.65,6.93,7.1,7.29,7.44,7.5,7.29,6.96,6.41,5.7,5.65,5.79,6.12,6.46,7.16,7.26,6.38,5.61,5.32,4.96,4.46,4.14,3.95,4.02,2.15,0.19,-0.64,-0.81,-1.03,-1.32,-1.88,-2.77,-3.35,-3.66,-3.23,-3.11,-2.91,-3.02,-2.62,-2.66,-2.78,-2.3,-1.68,-1.54,-1.38,-1,-0.38,1.34,2.52
-4.7,-4.2,-3.31,-1.23,-0.62,0.53,4.27,3.97,1.52,0.76,2.09,3.89,3.38,3.25,3.42,3.68,3.98,4.02,3.88,3.73,3.63,3.86,4.19,4.28,4.25,4.14,4.11,4.35,4.67,4.85,4.92,4.96,5.1,5.36,5.57,5.53,5.31,4.96,4.7,4.5,4.68,5.18,5.89,6.47,6.41,6.19,5.58,4.58,4.46,4.22,3.28,3.52,3.9,3.31,0.18,-1.21,-1.85,-1.72,-2.13,-3.03,-2.89,-3.42,-4.02,-4.06,-3.8,-3.56,-3.26,-3.32,-3.05,-3.23,-3.37,-3.2,-2.23,-1.69,-1.64,-1.41,-0.89,0.29,1.41
-5.47,-2.78,-0.87,-1.78,-1.12,2.21,3.33,2.21,2.09,3.73,2.9,1.4,1.61,2.04,2.16,2.3,2.37,2.19,2.1,2.07,2.11,2.28,2.46,2.46,2.29,2.16,2.29,2.61,2.73,2.8,2.78,3.05,3.47,3.85,3.99,3.78,3.46,3.32,3.17,3.36,4.22,4.86,5.26,5.42,5.29,5.15,4.67,3.92,3.9,2.66,2.18,2.48,2.92,1.7,-1.63,-2.54,-2.68,-2.34,-3.28,-4.2,-4.16,-4.21,-5.02,-5.01,-4.59,-4.12,-3.9,-3.51,-3.32,-3.28,-3.32,-3.04,-2.67,-2.1,-1.62,-1.08,-0.28,0.53,0.8
-3.52,-3.86,-3.77,-0.37,3.23,3.45,1.56,3.21,4.1,1.02,0.42,0.74,1.2,1.61,1.56,0.76,0.11,0.14,0.15,0.21,0.69,0.85,0.76,0.38,-0.03,-0.01,0.45,1,0.91,0.88,1.08,1.65,2.15,2.2,2,1.68,1.47,1.46,2.17,3.19,3.46,3.79,4.12,4.11,4.15,3.83,3.43,3.16,2.86,0.92,0.86,0.9,1.24,0.13,-2.75,-3.3,-3.06,-2.64,-3.44,-3.4,-4.67,-4.18,-4.62,-4.8,-4.94,-4.61,-4.26,-4.08,-3.98,-3.17,-3.19,-3.05,-2.63,-2.2,-1.66,-1.13,-0.43,0.28,0.23
-2.93,0.81,-1.14,-1.46,0.65,1.29,2.75,3.57,0.82,0.22,-0.11,0.11,0.49,1.28,0.7,-0.48,-0.45,-0.84,-1.81,-1.58,-0.95,-0.92,-1.42,-1.83,-1.82,-1.44,-1.05,-1,-1.31,-1.36,-0.97,-0.49,-0.39,-0.55,-0.92,-0.91,-0.02,1.32,1.75,1.6,1.91,2.06,2.08,2.27,2.25,1.99,1.7,1.57,0.4,-0.78,-0.85,-1.07,-0.97,-2.42,-3.57,-4.08,-3.51,-2.64,-1.77,-1.39,-3.92,-4.11,-4.19,-4.63,-5.2,-5.12,-5.12,-5.17,-4.88,-3.84,-3.47,-3.38,-3.52,-3.19,-2.72,-2.21,-1.68,-1.33,-1.02
7.52,5.33,0.93,-0.12,1.94,2.56,2.27,0.24,-1.24,-2.07,-1.63,-1.33,-0.43,0.03,-1.14,-1.76,-2.27,-3.24,-4.11,-3.74,-2.92,-2.73,-3.12,-3.15,-2.75,-2.45,-2.54,-2.58,-2.64,-2.7,-2.8,-2.99,-2.96,-2.56,-1.93,-1.11,-0.63,-0.82,-0.74,-0.5,-0.47,-0.06,0.04,-0.17,-0.17,-0.27,-0.62,-0.93,-2.07,-1.76,-2.3,-2.48,-3,-4.41,-4.53,-4.39,-3.96,-3.13,-2.79,-3.58,-4.43,-4.75,-4.54,-4.57,-5,-4.83,-4.67,-5.24,-5.65,-5.2,-4.86,-4.54,-4.41,-4.06,-3.77,-3.43,-3.01,-2.55,-2.13
4.94,3.33,2.13,2.54,2.46,1.17,0.2,0.16,-1.48,-2.87,-2.71,-2.31,-1.47,-1.63,-2.31,-3.53,-4.45,-5.1,-4.95,-5.41,-4.8,-4.07,-4.17,-4.11,-3.94,-4.01,-4.18,-4.44,-4.75,-4.85,-4.68,-4.16,-3.49,-3.1,-2.98,-2.84,-2.61,-2.55,-2.5,-2.16,-1.44,-1.75,-2.38,-2.51,-2.53,-2.65,-2.84,-3.13,-3.65,-2.95,-3.34,-3.86,-4.26,-5.06,-5.84,-5.74,-5.31,-5.05,-4.89,-5.28,-5.64,-5.55,-5.45,-5.54,-5.83,-5.85,-5.94,-5.72,-5.59,-5.64,-5.69,-5.43,-4.99,-4.7,-4.35,-3.9,-3.61,-3.37,-3.02
3.23,2.52,2.75,2.83,1.95,-0.27,0.04,-0.15,-1.39,-3.25,-3.49,-3.31,-3.36,-2.38,-3.56,-5.2,-5.54,-6.17,-5.89,-5.93,-5.65,-4.99,-4.95,-5.05,-5.44,-5.29,-5.2,-5.17,-5.49,-5.22,-5.16,-4.95,-4.72,-4.42,-4.04,-3.83,-3.91,-4.09,-3.69,-3.33,-3.63,-4.12,-4.36,-4.9,-4.82,-4.48,-4.38,-4.73,-4.94,-4.6,-4.53,-4.69,-4.84,-5.56,-6.26,-6.49,-6.54,-6.39,-5.98,-6.06,-6.13,-6.22,-6.41,-6.42,-6.29,-6.23,-6.05,-5.98,-5.98,-5.93,-5.73,-5.52,-5.29,-4.94,-4.58,-4.22,-3.86,-3.31,-2.72
2.22,1.99,1.54,0.98,0.49,-0.65,-0.44,-1.19,-3.03,-4.83,-5.23,-5.28,-5.55,-3.66,-4.61,-6.13,-6.26,-6.34,-6.64,-6.98,-6.8,-5.95,-5.84,-5.49,-5.2,-5.18,-5.39,-5.97,-6.31,-6.27,-6.18,-5.77,-5.4,-5.12,-4.98,-5.46,-5.23,-5.05,-5.28,-5.29,-5.45,-5.72,-6.16,-6.38,-6.11,-5.78,-5.93,-6.36,-5.99,-5.51,-5.51,-5.39,-5.77,-5.69,-5.98,-6.3,-6.4,-6.42,-6.44,-6.04,-6.21,-6.24,-5.97,-6.05,-6.05,-6.06,-5.72,-5.72,-5.51,-5.5,-5.42,-5.15,-4.83,-4.28,-3.84,-3.57,-3.08,-2.49,-2.55
0.86,-0.08,-0.37,-0.85,-1.27,-1.34,-1.73,-2.53,-3.68,-4.22,-5.79,-7.15,-6.88,-5.31,-5.08,-6.98,-6.87,-6.73,-7.22,-7.8,-7.55,-6.82,-7.18,-7.36,-6.78,-7.05,-7.17,-7.11,-7.08,-6.87,-6.36,-6.26,-6.28,-6,-5.85,-6.19,-5.82,-5.91,-6.62,-6.62,-6.53,-7.06,-7.76,-7.36,-7.06,-6.64,-6.9,-7.25,-7.32,-6.57,-6.18,-6.16,-6.38,-6.64,-6.27,-6.42,-6.19,-6.21,-6.62,-6.52,-6.22,-6.63,-6.08,-6.04,-6.09,-5.93,-5.59,-5.5,-5.21,-5.01,-4.83,-4.37,-3.93,-3.43,-3.01,-2.84,-2.76,-2.75,-2.73
-0.89,-1.67,-2.15,-2.18,-2.29,-2.5,-3.28,-3.6,-3.93,-4.11,-3.83,-5.09,-6.54,-6.18,-6.3,-7.84,-7.2,-7.33,-7.99,-8.65,-8.23,-7.69,-7.95,-8.47,-8.41,-8.28,-7.94,-7.58,-7.29,-7.21,-7.11,-7.13,-7.27,-6.99,-6.71,-6.31,-5.9,-6.27,-7.18,-7.08,-7.45,-8.14,-8.47,-8.25,-7.79,-7.34,-7.98,-8.15,-8.16,-7.66,-7.25,-6.94,-6.91,-7.28,-6.88,-6.71,-6.67,-6.52,-6.47,-6.64,-6.58,-6.79,-6.33,-6.17,-5.99,-5.75,-5.65,-5.12,-5.01,-4.54,-4.24,-3.84,-3.36,-2.95,-2.82,-2.84,-2.76,-2.82,-2.76
-1.95,-2.38,-3.01,-3.33,-3.42,-3.74,-4.26,-4.62,-4.97,-5.09,-4.65,-5.55,-7.19,-7.27,-8.4,-8.42,-7.08,-7.46,-8.17,-8.82,-8.58,-8.13,-8.15,-8.41,-8.83,-9.03,-8.41,-7.87,-8.22,-8.61,-8.37,-8.15,-8.17,-8.02,-7.73,-7.14,-6.69,-6.8,-7.48,-7.22,-8.13,-9.05,-9.28,-8.5,-8.4,-7.68,-7.63,-8.96,-9.17,-8.58,-8.21,-7.66,-7.89,-7.95,-7.57,-7.46,-7.39,-7.3,-6.98,-6.92,-6.82,-6.8,-6.47,-6.3,-6.05,-5.8,-5.63,-5.18,-4.79,-4.63,-4.24,-3.84,-3.38,-2.99,-2.83,-2.85,-2.84,-2.73,-2.61
-2.68,-3.33,-3.52,-4.33,-4.22,-4.57,-5.3,-5.68,-5.79,-5.94,-5.32,-6.8,-8.47,-7.38,-9.73,-9.17,-7.44,-7.88,-8.38,-8.74,-8.72,-8.37,-8.44,-8.57,-8.71,-8.85,-9,-9.4,-9.33,-9.45,-8.86,-8.18,-7.74,-7.4,-7.46,-7.34,-7.16,-6.94,-7.19,-7.03,-6.32,-5.93,-5.42,-8.69,-9.07,-9.33,-7.83,-7.45,-8.68,-9.13,-8.92,-8.37,-8,-8.25,-8.41,-8.18,-7.99,-7.51,-7.39,-7.29,-7.16,-6.87,-6.83,-6.62,-6.56,-6.44,-5.88,-5.28,-4.78,-4.48,-4.21,-3.99,-3.58,-3.25,-2.75,-2.66,-2.87,-2.53,-2.03
-3.49,-3.47,-4.1,-4.92,-4.92,-5.19,-5.67,-5.5,-6.13,-6.23,-5.63,-7.8,-9.73,-8.35,-9.85,-9.99,-8.11,-8.22,-8.79,-8.68,-8.48,-8.58,-8.77,-9.06,-9.21,-8.62,-7.86,-8.43,-9.13,-9.07,-9.04,-8.86,-8.44,-7.61,-7.52,-7.3,-6.74,-6.46,-6.59,-6.74,-6.83,-7.02,-7.4,-6.82,-6.48,-6.44,-9.02,-7.85,-8.1,-8.69,-8.96,-8.68,-8.07,-8.54,-9.07,-8.77,-8.43,-8.1,-7.76,-7.47,-7.17,-7.23,-7.2,-7.1,-7.14,-6.86,-5.9,-5.27,-4.87,-4.47,-4.23,-3.9,-3.7,-3.21,-2.67,-2.44,-2.35,-1.8,-1.24
