gfs.json
{"header": {"discipline":0,"disciplineName":"Meteorological products","gribEdition":2,"gribLength":134456,"center":7,"centerName":"US National Weather Service - NCEP(WMC)","subcenter":0,"refTime":"2014-02-07T12:00:00.000Z","significanceOfRT":1,"significanceOfRTName":"Start of forecast","productStatus":0,"productStatusName":"Operational products","productType":1,"productTypeName":"Forecast products","productDefinitionTemplate":0,"productDefinitionTemplateName":"Analysis/forecast at horizontal level/layer at a point in time","parameterCategory":2,"parameterCategoryName":"Momentum","parameterNumber":2,"parameterNumberName":"U-component_of_wind","parameterUnit":"m.s-1","genProcessType":2,"genProcessTypeName":"Forecast","forecastTime":6,"surface1Type":100,"surface1TypeName":"Isobaric surface","surface1Value":85000,"surface2Type":255,"surface2TypeName":"Missing","surface2Value":0,"gridDefinitionTemplate":0,"gridDefinitionTemplateName":"Latitude_Longitude","numberPoints":65160,"shape":6,"shapeName":"Earth spherical with radius of 6,371,229.0 m","gridUnits":"degrees","resolution":48,"winds":"true","scanMode":0,"nx":360,"ny":181,"basicAngle":0,"subDivisions":0,"lo1":0,"la1":90,"lo2":359,"la2":-90,"dx":1,"dy":1}, "data":
[rows 35 to 69 of 181, columns 79 to 157 of 360]
-6.73,-7.33,-7.68,-8.22,-8.08,-7.67,-7.37,-5.76,-4.21,-10.77,-13.32,-10.41,-8.09,-6.65,-5.72,-4.59,-3.77,-1.74,0.69,3.24,4.19,5.82,5.93,6.44,6.86,7.16,7,5.61,3.81,3.46,3.11,1.28,2.65,2.12,2.62,2.17,1.1,1.37,2.84,2.53,1.62,0.65,0.2,0.37,1.3,1.63,1.34,1.58,1.22,1.3,1.34,1.11,-0.6,-0.2,1.2,2.63,5.19,7.12,5.14,3.21,2.77,1.82,1.97,2.37,1.07,-2.4,-6.3,-10.23,-11.93,-12.06,-13.55,-15.08,-15.73,-15.8,-14.93,-12.3,-8.28,-5.84,-11.82
-7.74,-7.12,-7.11,-7.22,-7.05,-6.73,-6.32,-6.77,-7.08,-6.98,-5.46,-8.5,-8.65,-7.29,-5.93,-4.51,-2.67,-2.07,0.38,1.39,2.53,5.1,7.26,7.65,6.93,5.93,4.74,3.86,3.21,3.29,2.7,4.45,2.47,3.75,2.54,2.11,2.42,1.31,1.15,1.87,2.44,2.39,2.11,2.11,1.88,1.72,1.53,1.32,1.52,1.86,1.11,0.43,1.28,2.36,2.81,3.72,4.48,5.17,5.15,6.92,6.9,4.33,3.73,5.05,4.92,1.97,-3,-5.66,-10.02,-12.47,-13,-14.7,-14.9,-13.34,-10.88,-7.74,-4.68,-1.52,1.86
-2,-0.63,0.16,0.63,0.74,0.75,0.43,0.16,1.23,-2.72,-9.01,-6.86,-4.39,-3.59,-2.5,-2.55,-3.67,-2.52,-1.41,-0.64,0.65,2.24,2.25,4.97,7.33,7.02,5.51,3.66,2.86,3.88,5.2,4.22,5.79,4.3,3.68,3.67,2.57,1.63,1.79,1.15,1.59,1.57,1.35,0.75,0.63,1.66,2.89,3.27,3.25,3.24,2.99,2.19,1.35,1.05,1.59,2.42,3.75,3.99,4.72,5.68,7.3,7.18,6.54,7.51,7.98,6.73,2.6,-0.84,-2.38,-9.75,-15.62,-16.18,-16.64,-14.09,-9.12,-4.34,-1.13,1.22,2.93
-4.26,-2.99,0.03,3.65,5.97,5.35,2.99,0.82,-0.85,-1.64,-1.36,-1.15,-0.99,-0.95,-2,-2.36,-2.49,0.09,-0.75,-1.36,-0.82,0.93,1.27,2.39,1.67,5.83,8.17,7.9,8.86,6.53,5.56,7.38,9.28,10.41,7.79,6.23,3.53,1.9,2.75,2.92,2.08,1.37,1.53,0.88,0.82,1.02,2.46,3.44,3.75,3.51,3.47,3.51,3.02,3.03,2.15,2.54,3.07,3.04,4.37,5.91,6.39,7.81,6.89,7.76,9.14,10.76,9.17,4.29,2.98,2.73,-5.83,-10.77,-11.17,-5.21,2.22,4.78,4.4,3.62,4.75
2.66,1.25,-0.25,-0.63,1.31,0.05,1.06,0.47,-2.12,-2.29,-2.56,2.37,-1.63,-1.87,1.37,0.56,1.3,-1.09,-0.77,-2.46,2.6,0.4,0.37,0.04,0.78,0.95,2.43,4.31,6.23,9.16,9.5,8.07,10.06,10.12,11,7.92,4.16,2.9,2.1,1.85,1.66,1.35,1.28,1.68,1.6,1.7,1.84,2.25,2.54,2.63,2.62,2.8,2.81,3.06,2.89,3.44,3.12,3.87,4.21,5.2,6.2,7.97,5.19,8.32,11.2,10.23,12.69,9.34,8.3,10.09,15.58,18.59,17.71,15.26,13,9.06,6.26,5.07,5.18
3.85,4.12,3.07,1.43,-1.72,-0.84,0.12,-0.72,-1.09,0.98,-2.87,1.41,-1.89,-1.9,-1.03,-1.62,-1.23,-1.8,-0.53,1.88,1.01,1.22,0.6,0.37,0.11,1.83,2.21,3.45,3.58,4.79,5.32,2.54,3.04,4.72,7.61,7.47,3.39,3.26,2.45,1.43,0.58,0.33,1,1.5,1.73,1.77,1.25,1.28,1.38,1.41,1.96,2.46,2.68,2.83,3.15,2.95,2.17,2.61,3.59,5.73,7.59,5.06,5.07,6.09,6.47,4.56,9.45,11.95,10.37,10.01,11.1,14.02,16.37,14.81,11.21,8.02,6.1,6.01,4.57
6.88,4.9,4.42,1.62,-1.37,-1.48,-1.71,-1.3,-2.63,-0.85,0.51,0.8,-0.9,1.3,-0.22,0.2,-0.33,-1.06,-0.81,0.34,2.16,2.79,1.49,0.16,1.15,1.59,1.11,1.46,0.64,1.82,2.32,3.77,3.14,2.82,4.61,3.74,2.6,2.26,0.86,0.31,-0.54,0.49,2,1.67,1.3,0.81,-0.32,-0.27,0.17,0.47,1.31,2.13,2.67,2.61,3.1,4.03,3.61,2.77,3.31,3.9,5.23,4.71,5.28,4.41,2.97,5.83,5.66,7.5,9.2,11.69,14.49,16.1,12.91,8.9,8.35,8.18,6.5,2.89,-0.19
5.35,4.67,3.47,0.55,-0.2,-1.19,-4.19,-7,-5.9,-2.72,-1.7,-0.59,1.08,-1.64,0.01,-2.32,-0.07,-1.77,-1.43,0.01,1.66,1.78,1.2,1.54,1.24,1.43,1.51,0.58,-0.1,1.75,1.49,2.22,2.73,1.1,0.72,0.96,1.73,1.89,1.84,1.56,2.16,3.35,2.96,1.6,2.07,0.89,0.07,-0.63,-0.8,-1.08,0.44,1.91,3.05,4.18,3.89,3.44,3.45,3.3,3.42,4.12,4.01,3.74,4.4,5.63,5.58,5.55,5.61,7.34,8.19,9.04,9.77,7.78,6.56,8.92,9.31,6.12,1.42,-4.53,-7.28
5.04,4.9,5.41,4.13,2.19,3.56,2.05,2.57,-1.38,-3.63,-2.63,-3,-1.45,0.24,0.23,1.43,-2.68,0.85,-1.5,-1.08,-0.02,-0.85,1.37,1.04,1.71,2.05,1.94,2.07,2.35,-0.2,-0.8,-0.96,0.02,-0.12,-1.03,-0.47,1.95,3.58,4.67,4.32,3.44,2.35,0.44,0.61,0.69,0.62,1.07,1.69,1.71,1.43,0.85,1.97,3.43,4.02,4,3.54,3.38,3.17,3.43,2.97,3.76,3.69,3.73,4.98,5.42,6,7.34,7.99,7,2.21,0.33,3.29,5.92,5.56,3.06,1.56,-6.09,-10.98,-8.99
7.76,7.23,4.28,3.02,0.87,0.04,0.74,-0.19,0.17,0.02,-1.38,-2.86,-3.06,-2.4,-2.92,-0.91,1.36,-1.47,1.69,1.61,0.03,0,0.03,1.04,0.81,-1.03,-2.13,0.17,1.73,0.61,-1.38,-3.13,-3.04,-2.44,-1.57,-0.77,1.01,2.29,2.58,2.07,1.35,0.71,-0.54,-1.65,-0.91,0.35,1.5,2.3,2.76,2.58,2.17,2.43,3.16,3.34,3.12,2.92,2.91,2.48,3.16,3.85,2.26,1.37,2.81,5.29,5.64,3.97,2.47,3.4,3.82,3.76,7.46,8.68,6.19,3.49,2.59,-1.88,-3.06,2.55,3.43
1.17,1.42,0.64,-0.03,2.22,4.29,4.29,3.33,0.78,-0.53,-1.91,-1.21,-2.72,-5.17,-4.13,-3.11,-5.1,0.62,-1.37,-0.28,1.07,-0.39,-1.78,-2.15,-2.24,-4.29,-2.47,-1.87,-0.76,-0.19,-2.32,-2.56,-2.77,-3.86,-3.37,-3.05,-1.86,-2.56,-2.55,-2.16,0.14,0.26,0.28,-0.11,-0.34,-0.27,-0.1,-0.02,0.12,0.62,0.99,1.32,1.37,1.82,1.22,0.95,1.73,1.73,2.45,1.88,0.9,2.94,3.75,5.61,7.12,6.74,5.01,3.51,2.69,5.26,6.08,3.72,2.13,2.72,1.4,-1.19,3.43,5.23,5.93
0.96,2.04,2.23,0.24,0.21,2.4,0.62,1.14,2.43,-1.85,-1.78,-2.75,-0.16,-5.16,-4.39,-6.79,-10.22,-12.63,-10.32,-6.31,-9.86,-8.71,-5.92,-7.8,-3.13,3.21,3.9,2.39,-0.26,-3.99,-3.99,-2.42,-1.79,-2.49,-3.18,-3.71,-5.41,-4.46,-2.44,-2.17,-2.51,-1.71,-1,-0.94,-1.7,-2.45,-2.95,-3.1,-2.76,-1.35,0.41,-0.07,0.28,-0.91,-1.79,-0.98,-0.08,1.08,1.51,0.64,-0.34,0.49,2.74,5.4,5.5,8.16,9.93,9.88,10.44,10.01,7.91,3.97,3.15,4.02,1.31,3.22,6.71,7.76,4.21
1.53,2.38,2.14,0.04,0.86,1.61,2.64,0.92,0.87,3.19,2.55,0.58,0.34,1.9,5.09,-1.42,1.45,-5.64,-5.69,-6,-2.55,-5.14,-3.3,-1.52,-1.54,-3.97,-0.52,-0.08,-5.03,-3.88,-3.68,-1.12,0.5,2.47,2.08,-1.25,-1.96,0.31,2.64,-2.12,-2.54,-1.98,-1.97,-2.82,-3.72,-4.1,-3.65,-2.44,-1.94,-3,-1.46,0.23,-0.01,-0.71,-0.4,0.33,0.77,1.8,1.03,0.33,-1.26,-0.27,2.82,4.91,5.47,5.23,7.9,9.07,10.41,10.59,9.22,6.09,3.09,4.84,5.05,8.9,10.57,8.33,2.18
1.81,-1.07,0.99,0.86,0.18,-0.25,-0.13,-1.88,-5.06,-4.36,-3.78,-5.89,-10.07,-12.77,-17.26,-20.46,-9.6,-7.32,-4.73,-4.4,-8.09,-11.37,-10.96,-9.75,-7.94,-7.77,-7.32,-6.81,-2.62,0.57,-0.38,0.02,1.41,2.67,4.26,2.48,2.05,4.61,4.2,1.49,1.51,-0.85,-1.06,-1.74,-1.59,-0.76,0.16,0.63,-0.41,-1.3,-1.39,0.65,0.46,-0.16,-0.5,-1.16,-0.63,0.62,0.73,-1,-0.38,-1.04,-1.07,2.12,2.99,2.89,4.03,4.87,5.82,7.55,8.46,8.84,6.31,5.68,8.86,11.32,10.22,6.61,3.8
0.17,2.45,4.81,4.26,2.78,1.88,0.48,-0.45,0.04,-1.46,-9.04,-10.36,-9.35,-7.3,-2.64,-6.08,-8.81,-9.49,-8.73,-4.77,-5.44,-8.84,-11.98,-14.22,-9.74,-9.75,-7.76,-4.53,-1.7,-4.47,-4.2,-2.34,0.94,0.23,1.82,2.85,2.62,2.63,3.25,3.76,3.15,1.41,0.11,0.07,1.42,2.4,2.1,1.04,-0.36,-0.06,-0.13,-0.86,0.1,-0.58,-0.99,-1.56,-1.34,-0.56,0.19,-0.01,-0.48,2.35,2.94,2.09,4.9,5.29,4.87,4.8,3.94,6.08,8.11,9.09,10.26,10.61,11.74,11.98,9.65,7.32,8.06
-0.84,-1.73,-2.5,-2.18,-1.05,-0.07,-0.38,-0.62,-2.25,-6.02,-7.45,-4.93,-2.04,-3.79,-7.48,-10.87,-6.96,-8.23,-7.34,-7.58,-10.15,-6.21,-8.25,-9.66,-6.52,-4.88,-3.14,-6.68,-6.36,-3.3,-0.7,1.81,-1.61,0.48,1.12,2.16,3.43,3.62,5.62,5.97,3.49,2.22,0.75,0.9,1.73,1.93,0.75,0.18,-4.23,0,0.17,-1.36,-1.52,-0.77,-1.2,-1.66,-1.15,-0.93,-0.97,-0.08,-1.22,1.72,3.57,5.15,4.5,5.72,5.99,6.45,5.52,5.97,8.3,9.77,10.63,11.68,11.37,9.97,8.92,9.31,7.65
-1.82,-1.64,-3.29,-4.92,-3.57,-1.49,-0.79,-3.56,-5.76,-3.47,-0.66,0.87,0.68,1.72,-0.08,-1.47,-2.28,-2.49,1.23,0.75,-1.02,-0.71,-3.06,-4.35,-6.46,-8.24,-4.94,-2.39,-5.18,-3.6,-1.43,-0.38,-0.39,2.82,1.65,2.68,5.57,5.55,4.54,4.34,3.56,2.2,1.23,1.18,1.35,-0.96,-1.13,-2.87,-7.33,-4.54,0.54,0.17,-1.78,-1.63,-1.37,-2.03,-2.52,-2.25,-1.73,-1.09,-1.94,2.17,4.91,3.37,3.41,4.96,6.26,7.15,7.57,7.4,7.65,8.16,8.06,7.19,7.75,9.29,10.2,8.61,6.91
4.79,3.3,-0.62,-2.36,-0.49,-1.88,-2.8,-0.98,0.06,0.25,-0.65,-0.61,1.18,3.18,3.93,-1.6,-1.21,-0.56,-1.09,-0.23,0.96,-1.56,-1.13,-3.06,-4.06,-4.16,-3.65,-5.15,-4.4,-3.29,-1.26,-0.53,-0.26,3.05,3.13,4.11,4.74,3.2,2.94,2.03,1.76,1.61,1.41,1.87,1.51,-0.53,-4,-8.35,-7.68,-11.5,-4.62,-2.57,-3.81,-3.11,-2.64,-3.17,-3.68,-4.12,-4.48,-1.75,1.13,1.89,5.33,6.4,2.85,2.55,4.32,5.37,6.59,6.9,7.45,8.2,8.58,8.31,8.28,9.31,8.77,5.69,2.36
1.68,4.4,8.42,7.23,1.38,1.09,1.77,3.26,1.75,3.11,4.56,2.8,3.66,2.79,2.09,0.59,-6.62,-5.62,-3.35,-4.18,-3.13,-3.92,-2.73,-3.53,-1.24,-0.18,-1.8,-1.97,-1.51,-1.2,-0.73,0.49,2.24,1.47,1.66,2.8,3.07,2.68,2.14,1.25,0.51,1.73,1.2,1.06,1.8,1.66,-2.52,-2.3,-10.71,-12.87,-11.53,-6.93,-7.44,-5.83,-5.98,-6,-5.11,-2.82,-2.3,-2.13,-1.01,2.29,3.29,1.38,2.13,1.97,2.5,2.86,4.03,4.56,5.29,6.39,6.72,6.67,7.63,6.83,4.28,3.83,4.34
0.44,1.46,0.18,2.04,3.75,7.93,9.32,8.95,6.68,4.18,2.65,1.84,2.71,2.73,1.01,2.85,1.24,1.45,3.37,-1.15,2.01,0.31,-4.51,-4.26,-0.65,-2.39,-2.5,-2.48,-1.78,-2.88,-1.24,0.12,1.84,2.8,2.56,3.02,2.65,1.97,1.73,2.23,1.7,2,3.58,4.28,3.39,5.15,5.28,3.07,-4.73,-14.2,-14.27,-11.2,-11.23,-11.43,-11.9,-8.18,-3.94,-1.58,-2.23,-2.42,-2.34,-2.04,-3.7,-3.23,-1.9,-0.6,0.33,1.12,2.13,3.18,3.52,4.75,5.59,4.6,5.07,3.06,3.23,5.19,3.79
4.91,3.01,6.79,6.04,5.79,5.6,5.9,8.34,10.69,6.99,6.02,7.7,5.95,2.42,2.65,0.83,0.84,3.2,4.85,5.24,2.89,3.64,3.55,2.02,-2.78,-2.24,-2.56,-3.37,-2.73,-3.04,-3.57,-2.61,-1.08,1.43,1.85,0.53,0.82,1.71,1.89,2.1,3.3,4.67,4.87,4.82,4.25,3.29,3.21,-3.76,-5.06,-11.73,-14.01,-13.08,-10.53,-4.97,-5.19,-3.74,-5.65,-10.15,-7.38,-5.5,-7.88,-7.54,-4.22,-4.34,-3.81,-2.72,-0.64,1.14,1.64,1.83,1.77,3.98,4.87,4.97,4.47,3.55,4.46,1.92,-0.08
1.52,4.16,3.29,4.13,6.18,9.11,8.17,8.41,8.08,8.93,11.13,6.14,5.68,3.34,1.37,0.37,2.04,0.04,1.39,3.68,3.89,3.63,4.23,0.93,-0.52,-2.65,-1.54,-1.34,-2.05,-2.1,-1.49,-0.68,-0.05,1.12,0.82,-0.1,-0.03,0.77,2.49,3.27,4.09,5.65,4.75,5.16,5.09,3.53,-0.68,-2.76,-6.33,-8.23,-6.41,-1.71,1.77,1.45,-2.96,-5.09,-10.66,-12.05,-13,-13.86,-10.91,-8.57,-8.22,-5.02,-2.1,0.72,1.56,2.55,2.69,2.41,2.53,2.92,4.71,4.96,4.88,4.44,2.2,2.31,5.64
2.37,2.44,2.99,4.05,6.04,5.98,6.46,5.27,5.45,7.48,8.89,9.11,7.29,2.97,3.09,2.59,0.54,1.77,1.15,0.84,2.15,3.08,2.15,2.07,1.49,-0.11,-1.55,-0.05,-1.43,-3.68,-3.03,-2.51,-1.76,-1.07,-0.86,0.02,-0.21,0.01,1.41,3.01,4.49,5.87,5.84,5.67,5.12,2.75,0.15,0.21,-1.06,0.45,5.57,7.52,2.63,-1.4,-7.6,-10.89,-11.74,-11.8,-10.99,-13.32,-13.73,-13.76,-12.68,-7.65,-4.7,-4,-1.51,2.18,3.2,3.55,2.85,2.76,3.19,3.81,3.66,3.14,1.62,3.77,8.72
3.63,1.79,3.21,6.09,2.68,1.41,3.34,7.83,9.4,7.62,7.45,8.36,5.26,3.5,-0.76,-0.86,0.48,0.73,0.5,0.67,1.78,1.39,2.56,0.1,0.24,-0.04,-0.65,-1.52,-2.52,-2.59,-1.91,-1.19,-0.96,-0.34,-1.64,-2.21,-1.95,-1.79,0,1.81,3.53,4.69,5.55,5.77,5.49,2.46,2.59,4.05,4.47,6.12,6.44,2.24,-6.27,-6.44,-6.75,-6.65,-2.34,-0.09,-3.21,-1.22,-0.53,-2.01,-5.29,-5.12,-4.31,-3.38,-2.2,0.44,2.97,4.77,4.32,3.28,2.17,3.21,3.13,5,8.81,11.61,11.47
2.36,0.62,1.32,1.07,1.11,2.82,3.29,7.07,6.43,5.09,4.3,4.6,3.44,1.97,-0.08,0.1,0.62,-0.23,1,1.8,1.55,2.53,0.56,1.1,2.31,-2.12,-2.69,-1.87,-2.81,-2.74,-3.48,-2.74,-1.63,-1.29,-1.87,-2.64,-2.32,-1.54,-1.45,0.25,3.47,5.96,5.93,5.76,4.17,2.84,3.89,4.88,5.51,3.45,-4.75,-5.99,-0.97,-3.34,-0.45,3.28,8.48,11.15,8.5,-4.98,-5.68,-1.75,-1.01,-3.15,-2.49,-2.81,-1.82,-2.26,0.71,2.66,3.38,3.26,2.09,3.03,5.18,8.55,11.54,12.84,12.99
-2.49,-1.15,1.98,-2.4,2.3,2.24,4.28,2.83,2.86,1.94,-0.06,0.63,1.18,-0.85,-1.43,-1.13,-2.06,2.48,1.21,2.57,0.11,2.1,1.2,3.15,-1.89,-2,-0.72,-1.25,-2.18,-1.94,-1.22,-1.76,-1.55,-3.03,-2.25,-2.34,-1.5,-2.11,-2.55,-0.72,1.22,4.04,5.75,5.31,3.95,3.72,6.23,7.96,8.57,6.02,6.51,8.92,4.96,5.4,5.63,4.03,5.61,6.77,10.67,11.16,4.17,1.05,-0.86,-1.44,-2.17,-2.76,-3.91,-3.91,-2.22,-0.85,0.15,2.04,3.39,4.72,6.41,8.91,11.21,12.62,12.51
1.37,1.56,-1.13,-2.63,-1.12,3.66,0.91,2.86,3.35,1.88,0.47,2.12,0.77,-2.61,-2.19,-2.24,-0.27,-2.47,2.8,3.27,0.71,2.13,1.61,3.83,-1.54,-1.81,0.35,-1.4,-2.69,-2.1,-2.39,-4.29,-5.78,-4.91,-2.99,-1.28,-0.92,-0.5,-0.14,-0.33,4.34,6.11,7.11,3.23,4.01,5.44,7.84,8.58,10.02,10.44,12.58,13.37,11.13,10.38,6.88,2.26,2.95,6,8.91,8.23,4.54,2.44,-0.41,-0.93,-1.09,-2.85,-3.88,-2.96,-2.27,-1.39,-0.46,1.21,2.86,4.31,6.3,9.14,11.22,11.44,11.16
1.17,2.93,4.99,5.82,2.61,-0.53,-2.17,-2.78,7.18,1.98,1.16,-0.93,-1.54,1.89,-0.36,1.61,-3.23,-1.8,-0.34,0.44,1.87,3.61,3.02,2.64,0.24,-0.62,-1.42,-3.18,-3.22,-3.09,-5.61,-6.27,-4.67,-4.49,-3.08,-0.45,0.06,1.26,2.24,2.6,2.86,4.88,8.67,7.85,6.91,6.18,6.5,8.13,9.93,10.88,11.31,12.17,11.94,9.98,9.6,9.76,9.59,9.1,8.65,7.45,5,3.33,0.74,-0.95,-0.99,-2.08,-2.76,-2.07,-1.38,-0.76,0.19,1.28,2.41,3.45,5.57,7.75,9.82,9.45,9.09
2.88,4.15,7.06,7.57,7.17,5.95,5.16,4.03,0.48,1.56,1.48,-0.49,0.8,1.83,3.47,4.77,-1.11,-1.63,-0.63,-1.7,2.5,3.54,3.18,0.77,0.85,-1.79,-1.71,-2.78,-3.6,-6.08,-6.58,-4.94,-4.23,-3.38,-1.25,0.53,0.14,3.42,3.15,3.44,4.56,6.32,7.32,6.49,6.14,5.39,6.4,7.66,9.66,11.89,13.1,13.53,13.06,12.18,13.59,16.26,17.12,12.3,9.67,5.42,4.66,5.36,2.13,-1.29,-1.9,-3.25,-3.22,-3.07,-1.94,-0.84,0.14,1.05,1.38,2.29,4.31,5.61,5.49,6.44,6.61
5.24,5.9,6.55,8.57,9.45,8.77,8.91,10.47,11.6,8.64,7.07,5.68,5.97,5.47,2.84,3.07,1.45,0.48,-1.02,0.33,2.5,3.84,2.85,0.04,2.77,2.04,-1.22,-3.16,-3.28,-3.21,-3.75,-3.5,-2.34,-2.46,0.47,1.32,1.48,1.61,2.28,2.94,2.66,5.34,6.96,7.69,8.36,9.12,11.44,12.01,13.56,13.67,13.97,13.6,13.63,14.9,16.49,17.21,16.56,15.43,16.51,0.32,2.08,0.83,3.91,1.11,-1.76,-2.49,-3.52,-4.02,-3.75,-2.57,-1.58,-1.5,-0.72,0,-0.16,1.53,4.32,4.7,3.74
4.82,5.42,7.3,8.82,10.28,11.28,11.81,12.4,11.77,11.36,10.44,9.11,9.46,7.89,6.5,3.47,2.4,0.86,1.81,0.17,2.8,2.62,2.75,1.46,2.99,2.52,-1.05,-1.26,-0.39,-0.94,-1.17,-2.42,-1.41,-1.43,-0.36,2.27,2.21,2.2,3.46,3.53,5.65,5.44,6.64,9.24,8.32,8.23,9.18,9.68,10.52,11.61,12.39,13.02,13.6,13.78,14.48,15.25,15.89,16.27,16.28,12.44,5.17,1.22,-0.37,-0.3,-2.09,-3.28,-3.17,-4.1,-4.33,-3.93,-3.43,-1.97,-2.13,-2.43,0.58,1.4,0.76,0.3,0.73
8.7,6.17,4.99,5.28,3.25,5.18,8.28,10.87,10.23,7.9,8.04,8.51,7.98,6.49,1.94,2.54,3.1,2.85,3.92,1.53,2.32,2.58,2.34,0.94,2.48,1.22,-1.3,0.05,2.15,0.2,-0.85,-0.33,1.88,3.45,3.34,5.06,5.43,6.85,3.49,1.7,4.18,4.33,4.58,3.07,1.32,1.48,3.09,3.69,4.39,5.62,7.23,9.12,11.28,13.33,14.3,14.76,15.65,14.79,13.38,10.31,7.76,4.47,1.56,-0.25,-2.17,-3.34,-4.25,-5.11,-5.1,-4.42,-3.21,-3.24,-3.52,-0.49,-0.23,-0.99,-1.81,-3.29,-2.51
7.66,6.91,3.35,1.89,1.43,3.58,2.69,1.63,2.23,4.79,6.2,6.77,7.81,5.17,1.75,1.23,2.49,3.91,1.52,3.59,2.48,2.69,2.49,1.39,1.8,-0.75,-0.1,2.22,3.7,3.65,2.45,3.15,3.24,3.97,3.88,5.24,4.23,4.71,2.97,4.26,4.56,4.11,1.42,2.6,4.15,2.94,5.69,7.58,8.63,9.34,10.09,11.31,12.41,12.6,12.76,12.96,12.47,11.29,9.73,7.99,6.32,3.95,2.11,0.81,0.32,-2.53,-4.64,-5.14,-5.13,-4.3,-4.25,-4.6,-2.59,-2.08,-3.04,-3.24,-3.53,-4.78,-5.01
7.19,5.93,8.95,8.33,11.06,7.13,6.6,6.9,5.75,5.4,5.5,6.09,5.65,2.94,1.7,-0.38,1.76,4.87,4.73,3.9,3.21,2.58,3.94,6.88,10.09,4.17,-0.04,3.14,4.99,2.33,2.8,3.13,3.89,3.13,3.28,4.17,3.93,4.07,4.17,3.92,3.53,3.23,5.56,6.62,7.51,8.77,9.51,9.83,9.41,9.79,10.32,11.16,11.12,11.23,11.45,10.16,9,7.83,7.18,5.77,4.7,4.02,1.16,0,-0.15,-0.28,-3.6,-4.84,-4.31,-5.36,-5.46,-3.66,-2.5,-2.8,-3.84,-5.31,-5.72,-4.93,-5.04
4.75,5.08,6.64,4.63,4.53,4.35,4.25,5.03,4.49,4.54,5.71,5.32,3.4,2.5,2.73,0.89,0.53,1.89,1.64,3.8,5.4,2.71,3.64,6.74,6.84,4.53,-0.08,3.92,3.98,3.3,3.09,3.11,1.55,2.67,3.56,4.64,4.34,3.63,3.43,3.24,3.26,3.69,4.67,6.22,7.71,8.2,8.42,8.65,8.34,8.34,8.88,9.52,9.69,9.46,7.88,7.47,6.6,5.8,5.59,5.28,4.07,3.59,2.03,0.49,-0.8,-1.52,-2.15,-3.46,-3.79,-5.07,-4.01,-3.13,-2.85,-2.48,-1.4,-2.54,-3.5,-3.96,-3.23
