gfs.json
{"header": {"discipline":0,"disciplineName":"Meteorological products","gribEdition":2,"gribLength":131256,"center":7,"centerName":"US National Weather Service - NCEP(WMC)","subcenter":0,"refTime":"2014-07-03T12:00:00.000Z","significanceOfRT":1,"significanceOfRTName":"Start of forecast","productStatus":0,"productStatusName":"Operational products","productType":1,"productTypeName":"Forecast products","productDefinitionTemplate":0,"productDefinitionTemplateName":"Analysis/forecast at horizontal level/layer at a point in time","parameterCategory":2,"parameterCategoryName":"Momentum","parameterNumber":2,"parameterNumberName":"U-component_of_wind","parameterUnit":"m.s-1","genProcessType":2,"genProcessTypeName":"Forecast","forecastTime":6,"surface1Type":103,"surface1TypeName":"Specified height level above ground","surface1Value":10,"surface2Type":255,"surface2TypeName":"Missing","surface2Value":0,"gridDefinitionTemplate":0,"gridDefinitionTemplateName":"Latitude_Longitude","numberPoints":65160,"shape":6,"shapeName":"Earth spherical with radius of 6,371,229.0 m","gridUnits":"degrees","resolution":48,"winds":"true","scanMode":0,"nx":360,"ny":181,"basicAngle":0,"subDivisions":0,"lo1":0,"la1":90,"lo2":359,"la2":-90,"dx":1,"dy":1}, "data":
[rows 105 to 139 of 181, columns 0 to 78 of 360]
-2.73,-2.21,-1.76,-1.42,-1.35,-1.06,-0.87,-0.61,0.05,0.77,1.28,2.42,2.46,1.42,1.95,1.46,-1.3,-2.3,-2.38,-2.33,-2.32,-1.49,-1.8,-1.28,-2.36,-2.26,-1.9,-2.37,-4.17,-1.7,-0.87,-2.05,-1.5,-1.06,-1.35,0.24,-1.51,-1.34,-0.21,-0.68,0.39,-0.69,-3.17,-1.89,-0.18,-4.5,-9.18,-10,-2.82,-3.65,1.02,-4.59,-6.84,-7.92,-7.67,-8.49,-9.42,-10.14,-10.25,-10.36,-10.22,-9.93,-10.26,-10.88,-10.28,-9.73,-9.11,-9.38,-9.9,-10.25,-10.2,-9.78,-9.85,-9.98,-10.22,-10.47,-10.66,-10.33,-9.55
-3.23,-2.81,-2.07,-1.53,-1.22,-0.96,-0.81,-0.65,0,0.51,1.04,1.74,3.24,2.08,3.2,-0.68,-1.77,-2.66,-2.54,-2.79,-2.84,-2.25,-1.79,-1.9,-2.28,-1.97,-1.83,-4.09,-3.01,-1.46,-1.9,-2.74,-2.32,-2.11,-2.19,-1.32,-1.33,-0.96,-0.65,0.12,1.1,-1.93,-1.25,0.17,-0.22,-7.26,-3.43,-2.03,-4.03,-5.45,-2.78,-5.05,-7.27,-8.26,-8.61,-8.82,-9.46,-10.09,-10.2,-10.26,-10.37,-10.01,-10.14,-10.41,-9.71,-8.69,-8.25,-8.74,-9.52,-9.75,-9.57,-9.5,-9.6,-10.17,-10.38,-10.47,-10.08,-9.73,-9.85
-2.5,-2.21,-2.05,-1.79,-1.57,-1.02,-0.73,-0.83,-0.48,-0.11,0.52,0.52,1.98,2.07,2.42,-1.56,-0.85,-2.51,-2.81,-3.26,-3.15,-2.51,-1.89,-1.83,-1.88,-0.71,-3.87,-3.08,0.49,-0.29,-1.28,-1.29,-1.81,-1.87,-1.78,-1.61,-1.83,-1.13,-0.02,-0.05,-1.02,-1.29,0.05,2.28,0.12,-2.77,-3.2,-3.18,-5.56,-4.13,-6.1,-5.89,-7.11,-9.54,-9.97,-9.78,-9.38,-9.42,-9.7,-9.92,-10.2,-10.53,-10.28,-10.23,-10.05,-10.09,-10.2,-10.65,-11.3,-11.5,-11.69,-11.08,-10.53,-10.29,-9.75,-9.8,-9.54,-9,-8.54
0.18,0.29,0.17,-0.53,-1.01,-1.14,-1.01,-0.91,-0.71,-0.44,-0.03,-1.42,-1.36,1.83,0.84,0.01,-0.21,-2.48,-3.03,-2.96,-2.76,-2.87,-2.1,-1.63,-1.54,-2.52,-3.45,-0.53,-0.46,-0.34,-1.61,-2.14,-1.83,-1.2,-1.56,-1.77,-1.48,-1.2,-0.92,-1.03,-1.04,-0.4,0.05,1.69,0.73,-1.25,-3.85,-3.69,-3.43,-2.95,-7.54,-7.08,-7.96,-9.78,-10.58,-10.57,-10.34,-9.84,-9.68,-9.78,-9.98,-10.62,-11.16,-10.64,-9.99,-10.37,-10.98,-11.29,-11.57,-11.25,-11.28,-10.5,-9.81,-9.21,-8.67,-8.64,-8.54,-8.55,-8.38
0.03,0.6,1.24,1.7,0.98,-0.18,-0.6,-0.73,-0.61,-0.35,-0.27,-0.49,-1.95,1.27,1.18,-0.02,-1.85,-3.45,-2.18,-2.53,-2.89,-2.82,-2.39,-2.06,-1.87,-1.71,-2.44,-2.12,-1,-3.52,-2.17,-2.39,-2.25,-1.46,-1.62,-1.84,-1.55,-1.62,-1.28,-1.15,-1.16,-0.84,-1.36,0.32,1.18,-1.21,-3.59,-5.49,-2.78,-1.16,-6.46,-6.18,-6.27,-8.45,-10.27,-10.05,-9.82,-10.51,-11.11,-11.29,-11.46,-11.36,-11.72,-11.19,-10.41,-10.14,-9.93,-10.32,-10.43,-10.37,-10.49,-9.9,-9.44,-9.06,-8.99,-8.82,-8.46,-8.25,-8.33
1.26,1.35,1.36,1.3,2.25,1.93,0.73,0.06,-0.23,-0.26,0.17,0.41,-0.62,-0.84,1.83,-0.4,-0.78,-0.02,-1.57,-1.7,-2.56,-2.62,-2.44,-2.38,-2.73,-1.51,-2.35,-2.5,-1.28,-3.29,-2.31,-1.51,-1.26,-1.29,-1.96,-3.37,-2.36,-1.23,-1.06,-1.25,-0.95,-1.05,-1.39,0.37,3.1,0.74,-3.82,-4.63,-0.78,-4.94,-6.74,-7.97,-7.89,-6.54,-7.81,-11.26,-9.66,-9.06,-9.49,-10.2,-10.49,-10.78,-11.01,-10.86,-10.26,-9.63,-9.1,-8.83,-8.97,-9.04,-9.19,-8.82,-8.34,-8.09,-8.06,-8.43,-8.47,-7.75,-7.49
3.6,3.32,2.93,2.55,2.12,3.25,2.71,1.63,0.78,-0.02,0.18,0.7,1.16,-0.13,1.04,2.28,0.12,-0.1,-2.55,-0.97,-2.49,-1.37,-0.34,-2.31,-2.67,-1.57,-0.81,-3.04,-2.88,-2.29,-1.59,-2.18,-2.52,-1.49,-2.15,-2.12,-2.13,-0.88,-0.61,-0.92,-0.93,-1.66,-0.98,1.6,-0.48,-7.07,-4.63,-5.55,-0.18,-6.53,-8.01,-10.1,-11.1,-10.35,-8.33,-6.27,-6.9,-10.56,-10.43,-10.55,-10.51,-10.27,-10.06,-9.77,-9.63,-9.41,-9.09,-8.71,-8.16,-7.87,-7.75,-7.16,-6.74,-6.97,-7.37,-7.52,-7.65,-7.58,-7.4
4.95,5.04,4.83,4.19,3.5,3.21,4.2,3.28,2.59,1.19,0.32,0.55,1.1,1.19,0.65,1.09,2.31,-0.67,-0.65,-0.35,-0.82,-0.34,-2.53,-3.12,-2.4,-1.26,-2.48,-2.99,-2.29,-0.66,-1.32,-1.95,-2.14,-1.27,-1.92,-1.34,-1.74,-0.6,-0.21,-0.08,0.06,-1.31,-0.93,-0.09,-3,-5.33,-3.79,-3.33,-2.33,-6.8,-8.77,-10.19,-10.4,-10.45,-11.05,-11.51,-10.29,-10.58,-10.74,-10.55,-10.21,-10.04,-9.65,-9.48,-9.25,-8.86,-8.61,-8.38,-8.11,-7.65,-7.17,-6.77,-6.49,-6.28,-6.42,-6.81,-6.91,-6.76,-6.91
6.47,6.36,5.95,5.94,5.49,4.42,4.18,4.51,3.88,3.07,1.99,1.07,0.91,1.7,1.76,1.75,1.08,2.43,0.47,-1.22,-2.35,-2.11,-2.31,-2.68,-2.46,-2.03,-2.77,-2.36,-1.57,-0.14,0.13,-0.61,-1.4,-0.58,-1.73,-1.12,-1.56,-0.54,0.02,0.59,-0.21,-1.97,-2.02,-1.68,-5.31,-4.53,-6.99,-2.17,-7.51,-7.88,-8.95,-9.31,-9.89,-10.49,-10.87,-11.04,-10.93,-10.89,-10.72,-10.36,-9.87,-9.49,-9.26,-9.1,-8.77,-8.42,-8.28,-8.14,-7.96,-7.66,-7.18,-6.85,-6.68,-6.59,-6.42,-6.24,-6.4,-6.54,-6.5
6.49,7.29,7.6,7.06,6.93,6.55,5.48,5.37,5.23,4.38,3.74,2.98,2,1.64,0.92,1.13,1.49,4.33,1.23,-3.89,-2.7,-1.24,-2.08,-2.39,-2.43,-3,-2.54,-2,0.34,0.34,-0.21,-0.39,-1.07,-0.49,-1.79,-1.22,-1.9,-0.94,-0.46,-1.5,-4.33,-4.76,-4.28,-5.41,-5.59,-4.65,-2.62,-4,-8.64,-8.61,-9.32,-9.51,-10.1,-10.6,-10.71,-10.67,-10.84,-10.89,-10.53,-10.03,-9.54,-9.05,-8.67,-8.47,-8.19,-7.86,-7.63,-7.45,-7.3,-7.05,-6.71,-6.45,-6.27,-6.35,-6.15,-5.72,-5.45,-4.99,-4.71
8.03,7.96,8.18,8.72,8.41,8,7.52,6.73,6.27,5.85,5.13,4.42,3.55,2.72,1.33,1.01,1.85,5.24,3.56,-3.29,-1.26,-1.74,-2.51,-2.48,-2.75,-3.05,-0.72,-0.54,-0.33,-0.95,0.63,0.56,-0.11,-1.32,-3.26,-2.91,-2.25,-1.39,-1.53,-4.35,-5.84,-6.88,-7.86,-10.09,-9.11,-7.28,-5.27,-6.41,-9.73,-9.17,-9.5,-9.82,-10.29,-10.2,-10.14,-10.27,-10.24,-10.1,-9.8,-9.56,-9.23,-8.83,-8.5,-8.24,-7.88,-7.37,-6.89,-6.43,-6.08,-5.59,-5.05,-4.59,-4.11,-3.78,-3.49,-3.12,-2.9,-2.61,-2.47
2.27,6.28,8.99,9.81,9.7,9.48,9.08,8.42,7.73,6.87,6.11,5.49,4.48,3.45,2.22,0.54,1.81,3.38,4.93,-1.54,-1.27,-1.82,-2.93,-2.85,-2.11,-1.87,-0.35,0.64,0.9,1.09,1.15,0.23,-0.1,-3.83,-3.5,-2.56,-2,-1.16,-2.03,-5.45,-6.82,-8.99,-10.35,-12.26,-13.22,-14.7,-13.55,-11.51,-9.6,-9.22,-9.65,-10.08,-10.04,-9.84,-10.09,-10.06,-9.95,-9.72,-9.36,-8.9,-8.63,-8.21,-7.7,-7.08,-6.71,-6.33,-5.74,-5.07,-4.52,-4,-3.52,-3.08,-2.5,-1.87,-1.42,-1.13,-0.73,-0.56,-0.56
0.97,1.55,3.44,7.48,10.79,10.97,10.4,10.11,8.86,8.14,7.07,6.02,5.33,3.67,3.27,1.51,1.85,3.06,4.34,1.52,-1.58,-1.75,-3.24,-2.04,0,1.06,-0.42,-0.14,1.06,0.89,2.04,-0.42,0.16,-2.9,-2.84,-2.28,-1.97,-0.85,-3.11,-6.34,-7.68,-9.18,-10.59,-11.38,-12.29,-12.74,-11.75,-10.35,-9.36,-9.47,-9.87,-9.74,-9.34,-9.5,-9.47,-9.33,-9.09,-8.67,-8.19,-7.74,-7.27,-6.85,-6.41,-5.9,-5.28,-4.59,-3.86,-3.15,-2.48,-1.86,-1.26,-0.7,-0.02,0.64,1.19,1.6,1.92,2.27,2.46
2.36,1.85,2.14,1.93,3.4,8.55,11.76,10.98,10.26,8.72,7.95,6.78,5.67,4.05,4.12,3.12,2.69,2.15,0.77,3.17,-2.42,-2.42,-2.27,-1.29,1.83,1.23,0.24,1.34,2.06,1.71,-0.2,-0.52,0.56,-2.61,-3.1,-2.54,-2.14,-1.51,-4.2,-5.56,-7.54,-9.32,-10.17,-10.06,-10.74,-11.03,-10.41,-9.46,-9.12,-9.15,-9.24,-8.9,-8.83,-8.89,-8.73,-8.38,-7.99,-7.5,-6.99,-6.47,-5.96,-5.47,-4.98,-4.4,-3.67,-2.78,-1.79,-0.81,0.06,0.77,1.39,2.02,2.74,3.3,3.8,4.18,4.58,4.95,5.13
3.81,3.34,3.48,3.4,3.17,3.19,6.06,11.11,10.87,9.84,8.46,7.37,6.28,4.54,4.47,3.73,3.16,1.98,2.5,1.2,-0.69,-1.72,-0.83,0.08,0.52,-0.01,0.44,1.12,0.24,-0.38,0.62,0.29,-1.21,-2.98,-3.18,-2.78,-2.6,-2.62,-4.61,-5.51,-7.37,-9.08,-9.17,-9.22,-9.28,-9.71,-9.59,-9.15,-8.83,-8.6,-8.37,-8.12,-7.85,-7.7,-7.45,-7.11,-6.64,-6.06,-5.44,-4.82,-4.22,-3.6,-2.93,-2.14,-1.19,-0.19,0.8,1.76,2.68,3.48,4.14,4.72,5.29,5.87,6.36,6.96,7.31,7.45,7.59
5.45,5.5,5.16,5.16,4.8,4.07,4.24,4.85,10.68,10.5,9.47,8.35,6.34,5.45,4.97,4.06,3.22,2.07,1.58,3.39,1.93,-0.18,0.82,0.51,-1.06,-1.01,0.42,0.01,0.51,1.44,0.46,1.04,-3.22,-2.48,-2.99,-3.46,-3.16,-3.3,-4.66,-5.76,-6.88,-8.57,-8.51,-8.11,-8.41,-8.37,-8.49,-8.41,-8.21,-7.79,-7.58,-7.21,-6.85,-6.65,-6.36,-5.9,-5.3,-4.65,-4.03,-3.37,-2.61,-1.65,-0.69,0.31,1.35,2.31,3.22,4.1,5.06,6.03,6.93,7.59,8.12,8.55,8.93,9.37,9.71,9.73,9.98
5.63,6.37,6.55,6.89,6.6,5.73,4.19,1.35,1.72,9.77,10.14,8.76,7.91,6.16,5.55,4.56,3.95,3.53,1.22,0.9,2.18,0.89,0.72,0.83,-0.91,-0.41,-0.25,-0.44,1.7,0.95,0.21,-1.97,-2.23,-3.07,-3.19,-3.48,-3.42,-3.65,-4.02,-5.48,-6.9,-8.16,-7.65,-7.17,-7.25,-7.27,-7.3,-7.25,-7.08,-6.71,-6.6,-6.27,-5.97,-5.73,-5.38,-4.83,-4.27,-3.64,-2.93,-2.08,-1.31,-0.4,0.57,1.62,2.8,3.8,4.87,6.01,6.97,7.97,9.07,9.96,10.68,11.25,11.61,11.68,11.76,11.74,11.63
6.25,6.68,7.03,7.5,7.33,6.4,4.97,2.08,1.36,-1.23,7.21,9.77,8.1,7.83,6.13,5.62,4.46,3.45,2.49,1.43,1.11,1.3,0.6,0.92,0.01,0.56,-0.07,0.7,2.07,-0.51,-3.9,-2.99,-3.12,-3.38,-3.4,-3.55,-3.24,-3.45,-3.69,-5.23,-6.71,-7.95,-6.24,-5.96,-6.13,-5.98,-6.02,-5.88,-5.77,-5.55,-5.36,-5.04,-4.77,-4.54,-4.11,-3.47,-2.94,-2.37,-1.5,-0.54,0.1,1.12,2.04,3.23,4.45,5.2,6.09,7.16,8.37,9.37,10.65,11.66,12.62,13.38,13.88,14.17,14.13,13.91,13.68
6.12,6.21,6.55,6.47,5.4,4.8,3.74,2.93,1.67,0.68,-1.57,3.62,10.46,7.69,7.62,6.59,6.15,3.65,1.59,0.3,0.59,1.79,1.91,1.81,1.46,-0.4,0.24,-0.97,-0.96,-3.81,-4.04,-4.04,-3.91,-3.47,-3.05,-3.1,-3.07,-3.07,-3.7,-5.11,-6.6,-7.01,-4.71,-4.66,-4.8,-4.4,-4.61,-4.12,-4.23,-4.06,-3.82,-3.54,-3.38,-3.12,-2.71,-2.24,-1.71,-0.8,0.3,1.12,1.72,2.64,3.46,4.18,4.53,5.07,5.94,7.1,8.22,9.31,10.62,12.15,13.23,14.61,15.44,15.85,16.13,16.02,15.97
4.49,2.95,4.81,4.31,4.62,3.97,2.76,2.76,2.41,0.86,0.95,0.28,-0.41,9.19,8.75,7.18,6.82,5.29,3.31,0.82,0.61,-0.23,-1.6,-2.66,-2.81,-3.45,-5.38,-5.18,-3.51,-2.35,-2.88,-3.23,-3.41,-3.03,-2.77,-2.51,-2.95,-2.95,-3.61,-4.84,-6.07,-4.2,-3.59,-3.31,-2.99,-2.9,-2.79,-1.92,-2.15,-2.15,-1.97,-1.87,-1.81,-1.39,-0.96,-0.48,0.18,0.87,1.46,2.12,2.6,3.05,3.52,3.9,4.46,5.21,6.12,7.18,8.41,9.75,11.1,12.49,13.81,15.2,16.13,16.92,17.32,18.18,18.17
3.22,1.42,2.09,1.53,2.96,2.62,2.63,2.07,1.22,0.09,0.15,1.35,2.09,-0.78,4.03,9.63,8.36,7.17,6.06,7.41,4.02,-2.87,-2.23,-3.1,-4.32,-3.67,-2.84,-2.44,-2.13,-1.08,-0.48,-0.98,-1.9,-2.21,-2.03,-2.17,-1.83,-3,-2.89,-3.9,-4.56,-2.29,-2.28,-1.82,-1.68,-1.52,-1.02,-0.33,-0.41,-0.37,-0.48,-0.48,-0.08,0.67,1.24,1.64,1.87,2.25,2.38,2.5,2.51,2.66,3.07,3.69,4.51,5.52,6.58,7.75,9.11,10.6,12.15,13.66,15.04,16.04,16.79,17.12,17.42,18.18,18.55
1.4,0.88,0.89,0.77,0.17,0.18,0.9,1.63,1.19,0.45,0.27,0.84,1.86,1.27,-0.4,1.36,8.09,9.53,8.9,8.09,9.97,6.15,2.19,0.56,-0.84,-1.11,-1.04,-1.01,-0.32,1.06,1.85,1.05,0.27,-0.66,-0.86,-1.04,-1.38,-1.77,-2.06,-2.55,-3,-0.6,-0.72,-0.32,-0.45,-0.31,0.05,0.22,0.29,0.74,1,1.29,2.06,2.95,3.31,3.08,3.07,2.6,2.18,2.12,2.2,2.56,3.21,4.12,5.16,6.12,7.16,8.43,9.83,11.31,12.91,14.58,16.39,17.77,18.39,18.42,18.1,17.75,18.01
-1.11,0.66,0.79,-0.07,0.21,0.53,0.47,0.62,1.28,1.78,2.4,2.3,1.91,1.48,-1.39,-4.42,-2.25,6.34,9.74,9.82,10.26,10.09,8.48,6.24,4.34,3.24,2.44,1.75,1.8,1.84,3.11,2.79,1.77,1.05,0.39,0.38,0.76,0.18,-0.02,-1.11,-1.53,-0.55,0.37,0.62,0.62,0.58,0.64,1.33,1.67,1.83,2.54,3.43,4.29,4.44,4.05,3.67,2.83,2.11,2.03,2.08,2.25,2.9,3.76,4.54,5.18,6.08,7.41,8.75,9.82,11.06,12.67,14.45,15.7,15.95,16.4,17.13,17.61,17.4,16.95
-1.71,-1.33,0.18,0,-0.09,0.68,1.3,1.75,3,4.28,4.72,4.64,4.24,3.51,0.75,-1.29,-4.51,-5.85,0.7,8.95,10.4,10.06,9.68,9.64,7.84,5.33,4.64,3.51,3.35,2.61,2.6,3.77,2.99,2.25,1.77,1.17,1.97,1.37,0.02,-0.89,0.31,0.5,0.54,0.82,1.63,1.89,1.96,2.81,3.46,3.89,4.4,5,5.04,4.52,3.97,3.27,2.58,2.12,2.06,2.26,2.87,3.55,3.98,4.26,5.15,6.7,7.73,8.46,8.95,10.34,12.04,13.17,13.35,14.62,15.58,15.34,14.78,14.73,14.86
-1.44,-1.58,-0.81,-1.09,0.59,2.62,2.98,2.61,3.11,4.84,6.49,7.22,6.75,5.52,2.05,-1.54,-1.57,-2.6,-5.01,-7.42,-0.89,7.53,9.33,7.58,6.72,5.58,5.2,4.69,3.88,3.85,2.79,3.42,4.11,3.77,3.02,3.28,3.73,2.31,1.22,0.95,1.63,1.45,1.25,1.46,1.79,2.41,3.35,3.63,4.67,5.21,5.32,5.27,4.63,4.31,3.27,2.87,2.6,2.37,2.53,2.82,3.19,3.35,3.5,4.43,6.05,6.98,7.1,7.49,8.08,9.12,9.74,9.52,9.95,10.37,11.79,11.99,11.53,11.64,12.35
0.46,-0.66,-0.39,0.33,-0.32,1.02,1.91,1.51,2.52,3.92,6.4,8.7,8.68,6.3,4.01,0.48,-0.9,-1.79,-2.69,-2.41,-3.72,-6.71,-4.88,1.41,5.88,5.9,4.61,5.04,4.21,4.21,3.91,3.23,4.04,4.17,4.42,4.59,4.86,4.02,2.78,2.69,2.63,2.38,1.97,2.06,2.46,2.89,3.85,4.15,4.63,5.13,5.09,4.88,4.71,3.11,2.79,3.09,2.93,3.16,2.91,2.74,3.01,3.15,3.99,5.64,6.37,6.45,6.53,7,7.51,7.57,7.26,6.91,6.46,6.85,7.5,8.16,8.63,9.3,9.91
0.78,-0.29,-0.93,-0.06,0.37,0.02,-0.79,-1.8,-1.61,-1.63,-2.15,0.71,5.77,7.05,4.56,0.04,-0.89,-1.08,-1.6,-2.12,-1.99,-0.77,-1.34,-2.79,-2.41,2.93,5.53,4.49,4.81,4.37,4.56,4.34,4.06,4.58,4.24,4.69,5.14,5,4.52,3.8,3.34,3.24,3.51,3.1,3.04,3.79,4.5,4.92,5.12,5.26,5.12,5.17,3.53,2.04,2.98,3.13,3.81,3.65,2.92,3.1,3.26,3.76,5.07,6.52,6.64,6.38,6.64,6.9,6.75,6.02,5.22,4.35,3.04,2.74,2.78,2.89,2.99,3.54,4.64
1.3,0.44,-0.72,-1.61,-0.98,-0.54,-0.51,-0.18,-0.84,-1.52,-1.15,-1.25,-1.2,-1.09,-0.18,0.88,-0.51,-0.71,-1.14,-1.02,-1.23,-0.79,0.69,1.38,0.81,0.42,3.4,6.64,5.14,4.91,5.03,4.89,5.19,4.91,5.43,4.64,4.76,5.06,5.25,4.83,4.34,4.18,3.91,3.82,3.87,4.29,4.67,4.99,5.29,4.87,4.85,4.08,2.34,2.4,2.98,3.78,4.22,3.96,3.76,3.8,3.97,4.62,6.06,6.95,6.84,6.66,6.86,6.41,5.56,4.21,2.99,1.09,-0.23,-0.88,-1.67,-2.22,-3.03,-3.89,-4.05
1.76,1.29,0.59,-0.83,-0.69,0.04,-0.5,0.33,1.51,0.25,-0.67,-0.58,-0.24,-0.2,-0.12,0.91,0.43,0.38,0.31,0.63,1.19,0.92,0.53,1.64,1.84,1.39,1.35,3.53,7.27,6.02,5.23,5.09,5.82,5.84,5.48,5.92,4.92,4.49,5.02,5.34,5.06,4.87,4.71,4.32,4.41,4.65,4.97,5.58,6.15,6.11,4.64,2.88,2.73,3.1,3.5,4.27,4.55,4.78,4.51,4.59,4.81,5.64,6.8,7.01,7.14,7.02,6.54,5.41,2.91,1.13,-0.72,-2.93,-4.24,-5.51,-6.48,-7.08,-7.15,-6.77,-5.93
2.28,2.06,1.62,0.92,0.81,1.48,1.14,-0.19,1.06,0.96,-0.13,0.02,0.09,0.82,2.32,3.62,3.81,3.99,4.04,3.66,3.63,4.31,4.3,3.15,2.55,1.75,1.06,0.77,2.43,6.61,6.87,5.47,5.4,6.12,6.03,5.93,6.09,4.91,4.9,5.1,5.02,5.11,4.78,4.63,4.8,5.11,5.51,6.38,7.02,6.49,4.24,3.1,3.41,3.81,4.08,4.79,5.25,5.12,5.02,5.18,5.67,6.4,7.3,7.34,7.26,6.95,5.96,2.91,-1.44,-2.48,-4.03,-4.96,-5.51,-5.76,-5.62,-5.28,-4.85,-4.66,-4.28
2.86,2.67,2.47,1.99,2,1.68,1.43,0.88,0.72,1.28,0.63,0.85,0.81,0.57,1.54,3.73,5.31,5.78,5.99,6.45,6.7,6.61,7.06,7.3,5.92,4.88,4.03,2.58,1.2,1.51,4.87,7.15,6.03,5.39,5.9,6.22,6,5.75,5.31,5.09,4.86,4.93,5.2,5.31,5.58,5.87,6.36,7.1,6.84,5.4,4.3,3.95,4.12,4.49,4.87,4.78,5.17,5.22,5.33,5.8,6.31,6.9,7.61,7.5,6.94,6,4,-2.74,-4.56,-4.76,-4.69,-4.9,-4.75,-4.57,-4.06,-3.58,-3.25,-3.18,-3.3
3.83,3.53,3.18,3.05,2.74,2.67,2.23,1.69,1.24,2.22,1.7,1.55,2.57,2.78,2.1,1.94,3.06,4.8,6.26,7.46,8.37,8.88,8.9,9.01,8.52,7.23,6.22,5.56,4.58,3.4,2.5,3.09,5.65,6.55,5.72,6.52,6.8,6.6,6.41,6.13,6,6.05,6.1,6.32,6.21,6.49,6.77,7.17,5.8,4.58,4.18,4.2,4.51,5.12,5.37,5.54,6.02,5.71,5.85,6.44,6.61,7.31,7.78,7.25,5.98,4.07,-2,-5.43,-5.09,-4.9,-4.23,-3.92,-3.51,-3.2,-2.88,-2.48,-1.96,-1.98,-2.8
5.29,4.88,4.42,4.16,3.83,3.5,3.39,3.25,2.74,2.26,1.65,2.07,3.1,3.09,3.27,3.58,3.7,3.95,4.83,6.06,6.98,7.68,8.29,8.72,8.79,8.38,8.16,7.76,7.46,6.91,6.19,5.46,4.77,5.19,6.47,7.03,7.44,7.49,7.86,7.24,7.41,7.37,7.07,6.93,6.6,6.94,7.31,7.36,5.05,3.84,3.95,4.29,4.61,4.98,5.33,5.48,6.45,6.58,6.55,6.81,7,7.75,7.87,7.03,4.51,0.38,-4.51,-4.22,-4.25,-3.68,-2.71,-2.01,-1.48,-1.05,-1,-0.89,-0.3,-0.47,-1.72
7.34,6.74,6.11,5.5,5.19,4.8,4.38,4.37,4.56,4.34,3.77,3.58,3.6,3.29,3.73,4.57,5.05,5.73,6.71,7.82,8.86,9.77,10.46,10.89,10.37,9.25,9.38,9.77,10.44,10.59,9.5,8.57,8.18,7.65,7.31,7.57,8.1,8.21,8.55,8.84,8.21,8.15,8.61,8.44,8.12,7.27,6.76,5.33,3.9,3.74,3.9,4.42,5.11,5.5,6.38,6.82,7.34,7.33,7.1,7.22,7.61,7.89,7.48,5.85,2.06,-1.1,-2.51,-2.43,-2.03,-1.57,-1.04,-0.08,0.87,1.23,1.24,1.33,1.67,1.61,0.62
9.4,8.61,8.08,7.46,6.75,5.99,5.47,5.16,5.13,5.41,5.63,5.56,5.48,5.6,6.12,6.81,7.48,7.88,8.15,8.43,8.61,8.52,8.6,8.99,9.48,9.5,10.08,11.37,12.58,13.82,13.44,11.94,10.7,10.04,9.45,9.15,8.79,9.07,9.23,9.52,9.85,9.09,8.73,8.44,7.77,6.89,5.04,3.87,3.47,3.37,4.06,5.07,5.7,5.56,6.37,7.22,8.03,7.79,7.44,7.69,7.83,7.89,7.4,5.39,1.02,-1.25,-1.76,-1.65,-0.55,0.27,0.22,1.78,2.56,2.8,2.94,3.03,3.65,4.28,4.42
