gfs.json
{"header": {"discipline":0,"disciplineName":"Meteorological products","gribEdition":2,"gribLength":134257,"center":7,"centerName":"US National Weather Service - NCEP(WMC)","subcenter":0,"refTime":"2014-01-17T06:00:00.000Z","significanceOfRT":1,"significanceOfRTName":"Start of forecast","productStatus":0,"productStatusName":"Operational products","productType":1,"productTypeName":"Forecast products","productDefinitionTemplate":0,"productDefinitionTemplateName":"Analysis/forecast at horizontal level/layer at a point in time","parameterCategory":2,"parameterCategoryName":"Momentum","parameterNumber":2,"parameterNumberName":"U-component_of_wind","parameterUnit":"m.s-1","genProcessType":2,"genProcessTypeName":"Forecast","forecastTime":9,"surface1Type":100,"surface1TypeName":"Isobaric surface","surface1Value":85000,"surface2Type":255,"surface2TypeName":"Missing","surface2Value":0,"gridDefinitionTemplate":0,"gridDefinitionTemplateName":"Latitude_Longitude","numberPoints":65160,"shape":6,"shapeName":"Earth spherical with radius of 6,371,229.0 m","gridUnits":"degrees","resolution":48,"winds":"true","scanMode":0,"nx":360,"ny":181,"basicAngle":0,"subDivisions":0,"lo1":0,"la1":90,"lo2":359,"la2":-90,"dx":1,"dy":1}, "data":
[rows 0 to 34 of 181, columns 0 to 78 of 360]
-0.62,-0.55,-0.48,-0.4,-0.33,-0.26,-0.18,-0.11,-0.03,0.04,0.11,0.19,0.26,0.34,0.41,0.48,0.56,0.63,0.7,0.78,0.85,0.92,0.99,1.07,1.14,1.21,1.28,1.35,1.42,1.49,1.56,1.63,1.7,1.76,1.83,1.9,1.96,2.03,2.09,2.16,2.22,2.28,2.35,2.41,2.47,2.53,2.59,2.65,2.7,2.76,2.82,2.87,2.92,2.98,3.03,3.08,3.13,3.18,3.23,3.28,3.32,3.37,3.41,3.46,3.5,3.54,3.58,3.62,3.66,3.7,3.73,3.77,3.8,3.83,3.86,3.89,3.92,3.95,3.98
-2.73,-2.68,-2.64,-2.59,-2.54,-2.49,-2.45,-2.4,-2.34,-2.29,-2.24,-2.19,-2.13,-2.07,-2.01,-1.96,-1.9,-1.84,-1.78,-1.71,-1.64,-1.58,-1.51,-1.45,-1.38,-1.31,-1.24,-1.17,-1.09,-1.02,-0.94,-0.86,-0.79,-0.71,-0.63,-0.55,-0.47,-0.39,-0.31,-0.23,-0.15,-0.07,0.01,0.09,0.17,0.26,0.34,0.41,0.49,0.57,0.65,0.73,0.8,0.88,0.96,1.03,1.1,1.17,1.25,1.31,1.38,1.45,1.51,1.58,1.64,1.7,1.76,1.82,1.88,1.93,1.99,2.04,2.09,2.14,2.19,2.24,2.28,2.33,2.37
-6.75,-6.75,-6.75,-6.74,-6.73,-6.72,-6.7,-6.68,-6.65,-6.62,-6.59,-6.55,-6.5,-6.46,-6.41,-6.35,-6.29,-6.23,-6.16,-6.1,-6.03,-5.95,-5.87,-5.78,-5.7,-5.61,-5.52,-5.42,-5.33,-5.22,-5.11,-5.01,-4.9,-4.78,-4.66,-4.53,-4.4,-4.28,-4.14,-4,-3.87,-3.72,-3.58,-3.43,-3.28,-3.13,-2.98,-2.82,-2.67,-2.52,-2.36,-2.21,-2.05,-1.9,-1.75,-1.6,-1.46,-1.31,-1.17,-1.03,-0.89,-0.76,-0.63,-0.51,-0.38,-0.26,-0.15,-0.03,0.08,0.17,0.28,0.38,0.47,0.57,0.65,0.74,0.82,0.9,0.98
-8.85,-8.88,-8.91,-8.93,-8.94,-8.95,-8.95,-8.94,-8.93,-8.91,-8.88,-8.84,-8.8,-8.75,-8.69,-8.62,-8.54,-8.46,-8.36,-8.27,-8.17,-8.06,-7.94,-7.83,-7.71,-7.59,-7.46,-7.35,-7.22,-7.1,-6.98,-6.86,-6.74,-6.62,-6.51,-6.39,-6.27,-6.15,-6.03,-5.9,-5.76,-5.63,-5.49,-5.35,-5.2,-5.05,-4.89,-4.73,-4.56,-4.39,-4.22,-4.04,-3.86,-3.68,-3.5,-3.31,-3.13,-2.94,-2.76,-2.56,-2.38,-2.19,-2,-1.81,-1.63,-1.44,-1.26,-1.07,-0.9,-0.72,-0.55,-0.38,-0.22,-0.06,0.08,0.23,0.37,0.5,0.63
-5.99,-5.95,-5.9,-5.83,-5.75,-5.66,-5.55,-5.43,-5.3,-5.17,-5.05,-4.93,-4.83,-4.76,-4.7,-4.67,-4.67,-4.67,-4.69,-4.72,-4.75,-4.77,-4.79,-4.79,-4.79,-4.77,-4.75,-4.7,-4.66,-4.6,-4.54,-4.48,-4.41,-4.35,-4.29,-4.22,-4.17,-4.13,-4.09,-4.05,-4.02,-3.99,-3.96,-3.94,-3.91,-3.89,-3.86,-3.83,-3.78,-3.73,-3.67,-3.59,-3.5,-3.41,-3.28,-3.16,-3,-2.84,-2.67,-2.48,-2.29,-2.08,-1.88,-1.66,-1.44,-1.22,-0.99,-0.77,-0.54,-0.32,-0.1,0.11,0.32,0.53,0.71,0.9,1.07,1.23,1.38
-2.81,-2.59,-2.37,-2.15,-1.92,-1.7,-1.47,-1.24,-1.01,-0.77,-0.54,-0.32,-0.09,0.12,0.33,0.52,0.69,0.85,0.99,1.12,1.22,1.3,1.36,1.41,1.43,1.44,1.43,1.4,1.37,1.32,1.25,1.19,1.12,1.05,0.98,0.92,0.87,0.83,0.8,0.79,0.79,0.8,0.82,0.85,0.88,0.92,0.95,0.97,0.98,0.98,0.97,0.93,0.88,0.81,0.72,0.62,0.51,0.38,0.26,0.14,0.03,-0.06,-0.13,-0.16,-0.16,-0.13,-0.05,0.06,0.22,0.4,0.61,0.84,1.09,1.34,1.59,1.84,2.07,2.28,2.47
0.9,1.24,1.59,1.94,2.3,2.65,3.01,3.37,3.72,4.07,4.42,4.76,5.08,5.4,5.7,5.97,6.22,6.44,6.64,6.81,6.94,7.05,7.13,7.17,7.19,7.17,7.12,7.04,6.94,6.8,6.64,6.45,6.24,6.01,5.76,5.51,5.24,4.98,4.71,4.46,4.22,3.99,3.79,3.62,3.47,3.35,3.26,3.2,3.18,3.19,3.23,3.3,3.4,3.51,3.63,3.74,3.83,3.87,3.86,3.79,3.66,3.49,3.27,3.02,2.77,2.54,2.31,2.12,1.98,1.88,1.85,1.88,1.98,2.13,2.35,2.58,2.84,3.09,3.32
5.17,5.8,6.47,7.17,7.9,8.66,9.44,10.24,11.03,11.83,12.59,13.34,14.06,14.74,15.38,15.97,16.5,16.96,17.37,17.7,17.97,18.18,18.32,18.41,18.47,18.49,18.48,18.44,18.4,18.33,18.24,18.14,18,17.84,17.64,17.41,17.12,16.78,16.4,15.98,15.52,15.03,14.52,13.99,13.46,12.9,12.33,11.73,11.11,10.48,9.86,9.25,8.66,8.12,7.64,7.23,6.91,6.65,6.46,6.3,6.15,5.98,5.78,5.55,5.28,5,4.73,4.47,4.22,3.98,3.77,3.59,3.46,3.37,3.37,3.41,3.51,3.64,3.78
10.84,11.75,12.66,13.53,14.35,15.1,15.76,16.33,16.81,17.2,17.51,17.73,17.87,17.96,18,18,17.97,17.93,17.89,17.86,17.86,17.87,17.89,17.91,17.9,17.87,17.8,17.68,17.52,17.33,17.1,16.85,16.6,16.38,16.22,16.12,16.05,16,15.95,15.94,15.95,15.97,15.97,15.93,15.88,15.79,15.64,15.42,15.08,14.6,14.01,13.35,12.7,12.07,11.47,10.93,10.43,10.01,9.64,9.31,9,8.69,8.35,7.96,7.52,7.05,6.61,6.23,5.94,5.74,5.59,5.49,5.43,5.37,5.3,5.21,5.1,5.01,4.95
13.96,14.31,14.47,14.48,14.32,14.07,13.74,13.39,13.08,12.87,12.75,12.72,12.76,12.84,12.96,13.08,13.17,13.24,13.26,13.31,13.42,13.63,13.91,14.2,14.43,14.54,14.54,14.42,14.18,13.85,13.48,13.08,12.65,12.23,11.84,11.5,11.21,11,10.85,10.75,10.67,10.61,10.56,10.53,10.5,10.49,10.52,10.6,10.68,10.63,10.43,10.19,10.06,9.98,9.83,9.58,9.39,9.31,9.24,9.11,8.91,8.66,8.38,8.02,7.57,7.13,6.79,6.6,6.57,6.68,6.9,7.2,7.48,7.68,7.74,7.63,7.35,6.93,6.44
12.44,12.01,11.45,10.81,10.19,9.7,9.41,9.39,9.6,10,10.55,11.19,11.72,12.05,12.34,12.71,12.89,12.58,12.07,12.2,12.39,11.79,10.62,9.49,8.43,7.2,5.93,4.99,4.87,5.21,5.7,6.16,6.53,6.85,7.2,7.57,7.97,8.36,8.71,9,9.21,9.3,9.27,9.12,8.89,8.64,8.34,8.01,7.7,7.47,7.33,7.29,7.35,7.5,7.69,7.91,8.14,8.35,8.5,8.62,8.75,8.94,9.17,9.4,9.6,9.74,9.79,9.7,9.48,9.14,8.69,8.22,7.8,7.49,7.26,7.04,6.75,6.34,5.82
9.56,9.5,9.43,9.34,9.3,9.33,9.45,9.78,10.01,9.67,8.91,8.35,9.41,10.91,10.64,11.42,12,12.89,15.48,14.31,9.91,7.93,7.55,7.32,7.37,7.53,7.59,7.6,7.68,7.68,7.56,7.42,7.26,6.99,6.7,6.54,6.51,6.64,6.92,7.28,7.64,7.96,8.23,8.44,8.63,8.8,8.93,9.01,9.03,9.05,9.11,9.23,9.34,9.39,9.31,9.12,8.82,8.51,8.22,8,7.87,7.8,7.79,7.79,7.77,7.74,7.7,7.65,7.58,7.47,7.32,7.19,7.07,6.96,6.8,6.53,6.12,5.62,5.06
7.18,7.33,7.59,7.94,8.31,8.61,8.82,8.96,9.06,9.06,8.93,8.81,8.91,9.18,9.47,10.03,11.19,12.13,12.57,13.11,13.19,13.11,13.57,13.77,13.18,12.56,12.27,12.17,12.07,11.96,11.82,11.63,11.34,10.91,10.35,9.64,8.85,8.06,7.33,6.71,6.22,5.88,5.67,5.62,5.68,5.79,5.91,5.98,5.99,5.92,5.81,5.71,5.69,5.8,6.07,6.51,7.05,7.65,8.24,8.76,9.16,9.43,9.58,9.61,9.61,9.62,9.63,9.62,9.54,9.41,9.21,8.92,8.47,7.85,7.05,6.17,5.35,4.72,4.29
6.88,6.82,6.87,7.07,7.27,7.37,7.38,7.44,7.59,7.7,7.78,7.94,8.15,8.37,8.63,9.18,10.16,10.63,10.25,9.75,9.56,9.63,9.79,9.97,10.08,10.13,10.2,10.25,10.25,10.17,10.07,10.01,10.07,10.24,10.47,10.71,10.84,10.76,10.46,9.97,9.4,8.84,8.41,8.1,7.81,7.49,7.14,6.81,6.55,6.41,6.41,6.6,6.97,7.44,7.86,8.15,8.31,8.47,8.74,9.14,9.57,9.88,10.03,10.07,9.98,9.82,9.8,9.9,9.28,8.21,7.86,8.12,8.28,8.21,7.98,7.51,6.91,6.29,5.76
4.69,4.91,5.17,5.64,6.18,6.56,6.72,6.84,7.06,7.38,7.71,7.98,8.2,8.34,8.4,8.42,8.48,8.6,8.76,8.92,9.08,9.22,9.33,9.44,9.53,9.62,9.67,9.69,9.66,9.56,9.39,9.19,9.02,8.97,8.99,9.06,9.14,9.23,9.3,9.29,9.19,9.05,8.93,8.83,8.74,8.69,8.66,8.56,8.37,8.12,7.89,7.63,7.29,6.99,7.06,7.72,8.74,9.46,9.54,9.07,8.53,8.71,9.31,8.93,8.29,7.61,6.89,6.41,6.17,6.11,6.14,6.09,5.96,5.98,5.95,5.77,5.69,5.8,6.15
3.41,3.73,4.22,4.69,5.03,5.18,5.22,5.33,5.56,5.86,6.13,6.32,6.43,6.46,6.44,6.43,6.48,6.61,6.78,6.98,7.21,7.46,7.72,7.94,8.07,8.15,8.21,8.25,8.29,8.28,8.25,8.22,8.19,8.16,8.15,8.19,8.29,8.4,8.42,8.33,8.2,8.09,8.06,8.07,8.08,8,7.8,7.52,7.29,7.15,6.96,6.63,6.44,6.78,7.48,7.8,7.47,7.55,8.32,7.12,5.42,5.07,5.06,5,4.75,4.41,4.11,3.84,3.57,3.32,3.11,2.99,2.99,3.16,3.42,3.71,3.92,3.97,3.84
2.93,3.37,3.73,3.9,3.92,3.95,4.1,4.38,4.64,4.76,4.73,4.63,4.58,4.63,4.74,4.84,4.95,5.07,5.22,5.44,5.81,6.16,6.35,6.42,6.52,6.73,7.06,7.41,7.69,7.81,7.78,7.55,7.13,6.65,6.21,5.89,5.73,5.77,6,6.4,6.95,7.47,7.67,7.5,7.14,6.71,6.31,6.05,5.92,5.82,5.69,5.67,5.89,6.02,5.7,5.37,5.44,5.42,5.06,4.59,4.05,2.96,1.61,0.41,-0.4,-0.84,-1.07,-1.19,-1.27,-1.31,-1.31,-1.32,-1.34,-1.39,-1.48,-1.59,-1.68,-1.73,-1.68
2.14,2.36,2.41,2.39,2.45,2.66,2.91,3.05,3.03,2.98,3.1,3.33,3.53,3.67,3.75,3.82,3.88,3.89,3.73,3.43,3.16,3.1,3.31,3.72,4.25,4.8,5.32,5.82,6.29,6.72,7.08,7.4,7.68,7.91,8.02,7.89,7.5,6.84,5.85,4.57,3.33,2.66,2.81,3.45,4.17,4.68,4.91,4.87,4.62,4.25,4.04,4.04,3.93,3.47,3.25,3.23,3.51,3.19,2.47,1.32,-0.06,-1.4,-2.47,-3.21,-3.69,-4.06,-4.39,-4.68,-4.83,-4.76,-4.45,-4,-3.54,-3.15,-2.88,-2.69,-2.47,-2.2,-1.92
-0.05,0.22,0.3,0.29,0.27,0.33,0.51,0.76,0.97,1.21,1.36,1.14,0.75,0.72,1.04,1.3,1.24,0.96,0.66,0.49,0.47,0.57,0.76,1.07,1.55,2.17,2.85,3.58,4.31,5,5.51,5.75,5.8,5.84,5.95,6.09,6.17,6.24,6.33,6.18,5.37,3.94,2.5,1.64,1.44,1.63,2.14,2.77,3.21,3.29,3.11,2.73,2.21,2.05,2.05,2.11,2.42,1.89,0.75,-0.63,-1.86,-2.75,-3.31,-3.64,-3.81,-3.81,-3.67,-3.41,-3.11,-2.79,-2.53,-2.34,-2.26,-2.3,-2.47,-2.71,-2.94,-2.99,-2.87
-3.21,-3.13,-3.07,-2.91,-2.64,-2.35,-2,-1.56,-1.01,-0.39,-0.19,-0.91,-1.95,-2.25,-1.69,-0.85,-0.22,0.06,0.24,0.43,0.58,0.54,0.51,0.75,1.26,1.75,2.44,3.09,3.31,3.54,3.94,4.33,4.51,4.47,4.54,4.74,4.84,4.94,5.25,5.58,5.39,4.54,3.78,3.59,3.58,3.62,3.89,4,3.43,2.4,1.66,1.38,1.09,0.77,0.72,0.5,-0.04,-0.42,-0.7,-0.94,-1.24,-1.61,-1.88,-1.88,-1.65,-1.34,-1,-0.65,-0.33,-0.16,-0.2,-0.5,-0.78,-0.88,-0.89,-0.98,-1.24,-1.69,-2.15
-6.94,-7.01,-6.93,-6.52,-5.93,-5.31,-4.7,-3.98,-3.15,-2.32,-1.67,-1.55,-1.94,-2.25,-1.9,-0.53,1.54,3.4,3.94,3.06,1.96,1.7,2.44,4.23,5.89,6.21,6.26,4.91,4.24,4.45,3.5,3.13,3.2,3.09,2.98,2.95,3.14,3.71,4.33,4.4,3.65,2.71,2.27,2.11,1.59,0.91,0.57,0.29,-0.15,-0.44,-0.38,-0.25,-0.42,-0.76,-1.01,-1.23,-1.49,-1.44,-0.9,-0.12,0.49,0.94,1.25,1.51,1.73,1.82,1.74,1.45,1.03,0.69,0.47,0.25,0.11,0.18,0.38,0.52,0.58,0.37,-0.05
-9.09,-9.61,-9.77,-9.59,-9.16,-8.51,-7.79,-7.28,-7.03,-6.53,-5.39,-3.59,-1.69,-0.24,1.18,2.39,3.19,3.01,1.52,1.29,2.53,5.85,7.6,6.76,5.97,4.83,4.74,4.52,4.29,4.19,3.53,2.75,2.11,1.63,1.18,0.89,1.16,1.07,-0.15,-0.59,0.71,1.81,0.78,-1.39,-2.94,-3.51,-3.73,-3.77,-3.9,-3.99,-4.55,-4.38,-3.75,-3.53,-3.95,-4.56,-4.86,-4.61,-4.07,-3.5,-2.88,-2.17,-1.7,-1.71,-1.5,-1.27,-1.57,-1.96,-2.12,-1.98,-1.5,-0.86,-0.34,0.03,0.34,0.58,0.75,0.9,0.92
-8.85,-9.91,-11.09,-12.04,-12.42,-12.12,-11.25,-9.9,-8.08,-5.87,-3.46,-1.3,0.09,0.97,1.8,1.78,-0.47,-2.3,-1.97,1.39,5.87,5.74,4.89,4.01,3.04,2.1,1.68,1.41,1.46,1.25,1.11,1.17,1.05,0.16,-1.1,-2.63,-4.03,-4.93,-5.73,-5.28,-3.26,-2.04,-3.67,-5.1,-4.46,-4.03,-5.29,-6.49,-6.84,-6.87,-6.78,-6.78,-7.15,-7.89,-8.44,-8.86,-9.36,-9.65,-9.77,-9.77,-9.14,-8.51,-7.79,-7.03,-6.21,-5.37,-3.54,-3.54,-2.66,-1.87,-1.55,-1.21,-0.94,-0.85,-0.6,-0.33,-0.03,0.31,0.74
-4.87,-6.97,-9.12,-11.03,-12.54,-13.56,-13.87,-13.08,-11.23,-8.51,-5.64,-3.62,-2.34,-1.51,-5.69,-6.87,-5.54,-2.51,1.08,2.78,2.39,1.51,0.81,0,-0.93,-1.42,-1.56,-1.72,-1.97,-2.11,-2.26,-2.32,-2.41,-2.76,-3.82,-5.47,-7.15,-8.67,-9.35,-9.04,-8,-6.53,-5.44,-5.04,-5.64,-6.64,-7.44,-7.66,-7.76,-7.92,-7.65,-7.81,-8.32,-8.8,-9.24,-9.61,-9.77,-9.63,-9.08,-8.14,-6.88,-5.77,-4.52,-3.15,-2.02,-1.53,-1.86,-2.07,-2.05,-2.3,-2.49,-2.52,-2.56,-2.56,-2.54,-2.48,-2.23,-1.94,-1.58
-0.5,-0.24,-1.41,-3.83,-6.33,-8.33,-10.85,-13.14,-13.25,-11.22,-8.54,-6.51,-5.2,-11.34,-11.32,-7.41,-5.36,-3.67,-3.41,-2.84,-2.21,-2.46,-3.22,-3.78,-3.8,-3.52,-3.53,-3.78,-3.96,-4.33,-5.18,-5.9,-6.42,-7.05,-7.73,-8.1,-8.67,-10.49,-12.92,-13.9,-13.67,-12.34,-10.92,-9.93,-8.95,-8.25,-7.81,-7.5,-7.06,-6.76,-6.7,-6.91,-6.9,-6.61,-6.23,-5.61,-4.99,-4.32,-3.87,-3.78,-3.63,-3.07,-2.64,-3.1,-2.82,-2.92,-2.94,-2.85,-2.84,-2.92,-3.02,-3.1,-3.09,-3.2,-3.43,-3.38,-3.37,-3.38,-3.28
-1.5,-0.01,0.86,1.15,1.11,1.26,0.53,-3.26,-8.38,-9.67,-7.83,-6.66,-10.73,-18.28,-14.31,-10.1,-6.55,-5.68,-6.04,-5.18,-5.01,-5.21,-5.32,-5.15,-4.82,-4.59,-4.7,-4.8,-4.94,-5.53,-6.6,-7.53,-8.12,-8.98,-9.82,-9.64,-9.36,-10.61,-11.59,-11.58,-11.03,-10.77,-10.42,-9.85,-9.15,-8.68,-8.26,-7.97,-7.38,-6.74,-6.68,-6.33,-5.81,-5.33,-4.93,-4.65,-4.33,-3.95,-3.33,-2.57,-2.2,-2.84,-3.71,-3.92,-4.1,-4.05,-3.95,-3.77,-3.57,-3.45,-3.18,-2.93,-2.72,-2.65,-2.7,-2.78,-2.83,-2.67,-2.47
-2.64,-0.76,-0.37,-0.63,-0.61,-0.58,0.23,1.99,1.83,-0.21,-2.86,-5.87,-11.79,-15.7,-11.31,-10.06,-9.77,-8.83,-8.5,-8.08,-7.29,-6.41,-6.03,-5.56,-5.35,-5.88,-6.73,-7.02,-6.95,-6.79,-7.04,-7.75,-8.59,-9.36,-9.94,-10.02,-9.79,-9.76,-9.96,-10.3,-10.29,-10.06,-9.82,-9.64,-9.18,-8.71,-8.2,-7.75,-7.54,-6.97,-6.46,-5.85,-5.27,-5.18,-5.05,-5.31,-5.54,-5.58,-5.26,-6.38,-6.54,-4.98,-4.37,-3.84,-3.23,-2.77,-2,-1.33,-0.83,-0.62,-0.71,-0.57,-0.24,0.2,0.43,0.25,-0.16,-0.74,-1.38
-6.28,-3.54,-0.44,2.26,3.93,3.97,2.57,1.62,2.7,0.35,-1.66,-8.77,-9.3,-8.04,-7.65,-8.22,-10,-10.15,-9.73,-9.43,-9.18,-8.38,-7.76,-7.33,-7.27,-7.66,-8.22,-8.56,-8.64,-8.49,-8.07,-8.25,-9.06,-9.79,-9.91,-9.55,-9.49,-9.68,-9.43,-8.72,-8.29,-8.15,-7.92,-7.97,-8.59,-9.15,-9.27,-9.11,-8.57,-7.98,-7.5,-7.01,-6.53,-6.75,-7.24,-7.95,-8.47,-7.72,-7.53,-9.99,-7.77,-5.75,-4.46,-3.9,-3.39,-2.53,-1.52,-0.58,0.23,0.62,0.59,0.39,0.31,0.5,0.75,0.87,0.79,0.45,-0.19
-10.83,-9.7,-7.65,-5.22,-3.58,-3.69,-3.57,-3.72,-3.63,-4.81,-3.57,-5.59,-9.6,-10.39,-10.31,-9.99,-10.1,-9.11,-8.77,-9.09,-9.22,-8.99,-9.1,-9.22,-9.22,-9.4,-9.62,-9.79,-9.78,-9.89,-9.86,-9.74,-9.91,-9.89,-9.59,-8.65,-7.76,-7.31,-6.89,-6.92,-7.04,-7.7,-8.93,-9.23,-9.33,-9.05,-8.91,-9.26,-9.77,-10.09,-10.33,-10.59,-10.75,-10.7,-10.65,-10.73,-10.64,-8.76,-6.97,-10.82,-9.65,-7.25,-6.23,-5.44,-4.57,-3.86,-3.19,-2.42,-1.52,-0.55,0.24,0.58,0.52,0.2,-0.21,-0.48,-0.54,-0.5,-0.57
-13.88,-14.66,-13.84,-12.02,-8.27,-5.05,-12.84,-5.61,-3.6,-6.5,-9.27,-7.94,-7.44,-11.26,-11.6,-11.09,-10.28,-8.04,-5.97,-5.93,-7.15,-7.45,-7.73,-8.12,-8.2,-8.35,-8.74,-9.38,-9.76,-10.16,-10.35,-9.55,-8.86,-8.49,-8.75,-8.6,-7.45,-6.3,-6.4,-6.35,-6.59,-7.1,-7.52,-7.53,-8.25,-9,-10.03,-11.09,-12.57,-13.83,-14.68,-15.43,-16.12,-16.11,-14.97,-13.06,-10.95,-9.67,-10.69,-14.21,-9.9,-7.14,-6.23,-5.83,-5.08,-4.23,-3.34,-2.45,-1.84,-1.4,-0.92,-0.43,-0.08,0.2,0.53,0.89,1.27,1.66,2.15
-13.54,-13.7,-15.38,-17.41,-17.03,-11.79,-15.37,-6.08,-7.92,-8.81,-9.09,-11.66,-11.51,-10.41,-10.18,-9.83,-10.13,-11,-10.46,-8.96,-8.28,-7.81,-7.1,-6.84,-7.23,-6.86,-6.02,-5.44,-5.57,-6.18,-6.7,-5.87,-4.65,-3.75,-3.14,-3.09,-3.87,-4.13,-4.26,-4.31,-4.48,-4.89,-5.72,-6.69,-7.8,-9.24,-10.56,-11.91,-13.39,-14.91,-16.68,-17.44,-18.15,-17.85,-16.08,-13.72,-12.14,-11.08,-15.04,-16.65,-11.09,-7.82,-7.08,-5.59,-3.94,-2.51,-1.22,0,1.03,1.85,2.48,3.01,3.52,4.08,4.5,4.81,5.01,4.97,5.04
-21.94,-20.86,-17.06,-15.01,-15.29,-12.43,-12.34,-30.13,-18.65,-15.45,-14.33,-14.57,-16.53,-13.9,-13.31,-12.5,-10.45,-9.48,-9.76,-10,-10.45,-10.92,-11.2,-10.82,-9.8,-7.77,-6,-4.61,-3.34,-2.77,-2.94,-3.03,-2.75,-2.38,-2.2,-2.03,-2.12,-2.54,-2.89,-3.51,-3.89,-4.17,-4.96,-6.12,-7.22,-8.81,-10.68,-12.39,-13.91,-15.25,-15.96,-15.47,-14.77,-14.06,-12.91,-11.05,-9.09,-7.25,-9.49,-12.43,-7.93,-5.33,-4.97,-4.4,-3.5,-2.04,-0.66,0.49,1.99,3.68,4.98,6.09,6.86,7.34,7.6,7.5,7.25,7.01,6.84
-4.79,-7.4,-13.21,-17.52,-17.92,-18.3,-21.17,-23.54,-18.8,-13.07,-10.23,-9.28,-11.86,-14.44,-15.02,-14.65,-12.73,-10.18,-9.89,-9.79,-8.61,-7.21,-7.22,-7.42,-7.23,-7.47,-7.12,-5.71,-3.67,-2.31,-1.51,-1.56,-1.82,-1.99,-1.71,-1.26,-1.27,-1.94,-2.95,-3.27,-3.47,-3.77,-4.53,-5.82,-7.71,-9.85,-11.39,-12.04,-11.77,-11.35,-10.97,-10.19,-9.03,-7.26,-5.81,-3.26,-1.07,-0.03,0.58,0.72,1.55,2.04,2.31,3.18,4.01,4.84,5.61,6.22,5.68,5.49,6.04,7.03,8.06,8.79,9.16,9.19,9.21,8.71,7.92
-3.8,-3.71,-2.46,-0.55,0.4,-1.73,-4.75,-4.57,-3.97,-6.16,-8.24,-5.37,-4.24,-10.36,-13.72,-13.65,-11.73,-9.77,-8.96,-8.39,-7.42,-6.09,-5.55,-5.7,-4.95,-4.53,-5.36,-5.55,-5.12,-3.74,-2.49,-1.32,-1.04,-0.92,-1.05,-1.05,-0.95,-1.06,-1.45,-2.14,-2.6,-3.39,-5.05,-6.86,-7.8,-7.31,-6.15,-5.65,-5.96,-6.24,-5,-2.7,0.04,2.04,4,5.47,6.87,7.47,8.41,9.92,10.38,9.23,8.44,9.52,12.76,15.19,13.54,12.08,11.39,9.99,8.62,8.31,8.81,9.26,9.48,9.68,9.88,9.61,8.87
1.85,1.78,1.86,1.95,1.82,1.45,0.48,-0.03,0.52,2.19,2.7,1.04,-0.48,-0.7,-6.44,-9.5,-9.35,-10.03,-9.96,-9.24,-8.02,-6.2,-5.9,-5.61,-4.63,-3.83,-3.68,-3.37,-3.15,-2.77,-2.17,-1.15,-0.15,0.32,-0.09,-0.81,-1.12,-1.03,-0.98,-1.32,-2.17,-2.8,-2.73,-1.76,-0.24,0.93,0.95,0.36,0.55,1.51,3.62,5.26,6.26,7.14,8.33,9.51,10.76,12.03,14,14.63,15.24,13.85,13.63,16.17,18.79,18.02,16.28,15.58,14.34,12.92,11.36,9.88,9.62,10.1,10.39,10.15,9.75,9.79,9.78
