gfs.json
{"header": {"discipline":0,"disciplineName":"Meteorological products","gribEdition":2,"gribLength":132662,"center":7,"centerName":"US National Weather Service - NCEP(WMC)","subcenter":0,"refTime":"2014-03-04T06:00:00.000Z","significanceOfRT":1,"significanceOfRTName":"Start of forecast","productStatus":0,"productStatusName":"Operational products","productType":1,"productTypeName":"Forecast products","productDefinitionTemplate":0,"productDefinitionTemplateName":"Analysis/forecast at horizontal level/layer at a point in time","parameterCategory":2,"parameterCategoryName":"Momentum","parameterNumber":2,"parameterNumberName":"U-component_of_wind","parameterUnit":"m.s-1","genProcessType":2,"genProcessTypeName":"Forecast","forecastTime":9,"surface1Type":100,"surface1TypeName":"Isobaric surface","surface1Value":50000,"surface2Type":255,"surface2TypeName":"Missing","surface2Value":0,"gridDefinitionTemplate":0,"gridDefinitionTemplateName":"Latitude_Longitude","numberPoints":65160,"shape":6,"shapeName":"Earth spherical with radius of 6,371,229.0 m","gridUnits":"degrees","resolution":48,"winds":"true","scanMode":0,"nx":360,"ny":181,"basicAngle":0,"subDivisions":0,"lo1":0,"la1":90,"lo2":359,"la2":-90,"dx":1,"dy":1}, "data":
[rows 70 to 104 of 181, columns 160 to 239 of 360]
10.08,11.6,11.48,12.45,12.51,12.4,12.48,12.55,12.1,11.67,12.16,12.79,12.22,12.49,12.16,12.43,13.49,13.74,13.05,12.63,12.56,13.12,12.8,12.62,12.59,13.11,13.8,13.11,12.05,12.11,12.65,13.24,13.57,13.46,12.95,12.28,11.86,12.03,12.48,12.95,13.04,12.78,12.61,13.92,15.99,18.52,19.63,21.22,22.57,26.66,23.32,18.5,16.98,17.69,16.24,16.15,14.05,11.72,9.13,8.79,7.94,7.34,6.44,5.82,4.89,3.61,2.02,0.74,0.39,0.31,-0.12,-0.99,-1.45,-1.43,-0.7,-0.37,-0.74,-0.58,-0.25,-0.29
8.38,8.42,8.78,9.3,9.17,9.35,9.79,10.64,10.3,9.49,8.78,9.38,9.24,9.52,9.72,10.18,11.45,12.08,12.12,11.84,12.11,13.19,13.19,12.72,12.94,13.6,14.33,14.07,12.41,11.54,11.45,11.73,12.46,12.97,12.76,11.98,10.96,10.26,10.25,10.39,10.93,11.95,13.74,15.46,22.01,28.35,30.59,30.03,30.28,24.12,17.28,15.69,15.84,15.25,14.96,13.68,12.44,10.57,9.33,7.84,6.23,5.12,3.82,3.26,2.56,1.43,0.14,-0.97,-1.04,-0.81,-1.13,-2.2,-3.12,-3.45,-3.05,-2.8,-3.28,-3.03,-2.79,-2.52
6.65,6.07,5.73,5.77,5.48,6.07,6.82,7.97,7.96,7.05,5.78,5.89,6.61,6.7,7.14,8.18,8.95,9.61,10.42,10.41,11.63,13.18,13.75,13.54,13.34,14.44,15.49,16.13,15.41,12.93,11.31,10.82,11.07,11.35,11.4,11.55,11.89,12.28,12.42,13.5,14.8,16.94,18.64,23.56,29.76,29.6,30.51,28.78,20.63,13.57,13.89,13.99,13.78,12.87,12.95,12.05,11.14,10.07,8.66,6.04,4.69,2.8,2.07,1.33,0.18,-0.88,-1.51,-1.9,-1.86,-1.87,-2.1,-3.04,-4.01,-5.32,-5.52,-5.39,-5.67,-5.49,-5.03,-4.23
5.01,4.23,3.32,2.73,2.99,3.75,4.35,4.69,4.99,4.64,3.65,3.31,3.84,4.17,4.64,5.92,6.47,7.09,8.31,8.55,9.84,12.48,14.08,14.51,14.17,14.62,16.19,17.44,18.57,17.71,13.97,11.2,10.28,10.8,11.73,12.85,13.88,14.67,15.81,16.89,18.85,21.1,25.51,29.42,28.24,26.48,19.53,7.22,7.08,11.02,11.8,12.26,11.76,11.58,11.17,10.37,9.38,8.53,6.49,4.05,2.54,0.88,0.39,-0.89,-1.62,-2.05,-2.33,-2.39,-2.61,-2.93,-3.17,-3.47,-4.11,-6.27,-7.32,-7.1,-7.29,-7.02,-6.31,-5.56
3.45,1.91,1.42,0.09,0.69,1.47,2.24,2.25,2.1,1.97,1.92,1.78,2.07,2.19,2.55,3.52,4.24,5.07,6.35,6.89,7.89,10.19,12.74,14.37,15.09,15.45,16.49,17.92,19.07,19.97,18.93,16.33,15.45,15.67,16.31,17.06,17.69,18.6,19.02,19.92,22.27,25.82,24.31,18.98,19.37,13.3,11.16,7.6,8.42,10.37,11.53,11.05,10.56,10.17,9.99,8.78,7.25,5.41,3.53,1.86,-0.01,-0.68,-1.76,-2.45,-2.65,-2.85,-3.36,-3.51,-3.75,-3.96,-4.21,-4.03,-4.58,-6.43,-7.64,-7.27,-7.32,-7.24,-6.59,-5.7
2.32,0.32,0.12,-1.69,-2.03,-0.88,-0.46,-0.91,-0.66,-0.19,0.2,0.51,0.53,0.77,0.8,1.39,2.44,3.52,4.82,5.61,6.41,8.09,10.34,12.18,13.6,15.02,16.24,17.99,19.48,20.36,20.62,20.34,20.09,20.57,20.66,21.01,20.37,20.44,20.12,22.66,20.42,12.55,10.65,14.9,10.37,12.21,9.42,9.98,10.2,10.49,11.47,10.47,9.97,9.56,8.49,6.89,4.3,2.84,1.52,-0.69,-1.98,-2.41,-3.59,-3.65,-3.66,-3.96,-4.69,-4.7,-4.61,-4.65,-4.91,-5.07,-5.64,-6.76,-7.54,-7.08,-6.78,-7.33,-7.2,-6.51
0.91,-0.3,-0.65,-2.34,-3.87,-3.84,-3.9,-3.97,-4,-3.03,-1.8,-1.03,-1.08,-0.55,-0.45,-0.24,0.71,2.11,3.28,4.47,5.21,6.48,8.32,10.11,11.62,13.1,14.72,16.19,17.69,19.04,19.82,19.68,19.72,20.55,20.45,20.42,20.34,19.73,20.39,18.4,14.93,12.02,8.71,10.99,11.54,8.16,8.4,13.15,12.23,10.82,10.6,8.57,8.97,8.37,6.32,4.35,1.69,0.97,-0.74,-2.57,-3.57,-4.26,-5,-4.91,-5.08,-5.26,-5.72,-5.52,-5.02,-5.09,-5.37,-5.98,-6.58,-7.47,-8.31,-7.81,-7.73,-8.26,-8.8,-8.86
-0.52,-1.77,-1.77,-3.39,-4.9,-5.75,-6.74,-6.68,-6.65,-5.8,-4.87,-4.11,-3.06,-1.86,-1.3,-0.99,-0.37,0.5,1.47,2.82,4.09,5.19,6.48,8.1,9.69,11.15,12.47,13.84,14.97,16.29,17.28,18.7,18.7,19.17,17.96,16.5,13.84,11.44,6.53,7.66,7.27,8.46,9.47,10,11.5,12.63,12.49,11.25,10.32,10.12,7.53,7.26,7.53,6.09,3.94,1.72,-0.27,-1.43,-3.17,-3.73,-4.92,-5.58,-5.83,-5.82,-6.62,-6.92,-6.84,-6.24,-5.62,-5.66,-5.91,-6.73,-7.05,-7.65,-8.55,-9.19,-9.45,-9.15,-10.05,-10.21
-1.15,-2.62,-3.58,-4.77,-6.99,-7.25,-8.18,-8.36,-7.8,-7.03,-6.3,-6.28,-5.24,-3.61,-2.41,-1.52,-0.46,-0.05,0.42,1.43,2.62,3.8,5.1,6.57,8.01,9.29,10.68,11.47,13.01,14.16,13.88,16.04,14.75,15.66,13.99,10.71,9.34,7.86,5.85,8.67,11.14,12.91,10.75,10.71,11.36,10.37,9.99,9.78,9.19,7.03,5.97,5.71,4.18,4.2,1.91,-0.49,-2.4,-4.09,-4.2,-5.46,-6.04,-6.22,-6.47,-6.6,-7.62,-7.92,-7.68,-6.93,-6.33,-6.38,-6.5,-7.09,-7.74,-8.32,-8.93,-9.8,-9.42,-9.4,-9.9,-9.96
-1.73,-3.08,-4.8,-5.79,-7.85,-7.85,-8.72,-9.81,-9.41,-8.32,-7.29,-6.91,-6.1,-4.55,-3.59,-2.5,-1.39,-0.31,0.77,1.65,2.26,2.89,3.68,4.75,5.99,7,8.3,9.78,10.45,9.96,9.77,10.66,8.69,10.36,10.84,9.88,10.94,11.54,11.05,11.06,11.78,9.58,7.97,7.82,7.59,7.59,8,7.64,6.57,5.11,5.65,4.31,2.32,1.21,-0.34,-1.84,-3.12,-5.1,-6.71,-7,-7.49,-6.91,-6.94,-7.64,-8.36,-8.55,-8.21,-7.38,-7.27,-7.27,-6.92,-7,-7.88,-8.75,-9.22,-9.64,-9.2,-9.52,-9.14,-8.77
-2.23,-2.97,-4.68,-5.85,-7.2,-7.81,-7.89,-9.13,-9.03,-9.7,-8.86,-8.53,-7.64,-6,-4.83,-3.79,-2.6,-1.48,-0.49,0.9,1.63,2.06,2.37,3.08,3.92,4.48,5.44,6.09,7.15,8.54,9.43,10.34,11.81,9.7,10.3,11.08,11.05,10.51,9.84,9.39,8.46,7.2,6.68,6.09,5.03,4.85,4.04,4.23,4.01,4.68,4.24,1.84,-2.02,-1.37,-2.25,-2.47,-4.15,-7.77,-8.44,-5.87,-5.93,-6.74,-7.77,-8.06,-10.01,-9.8,-9.07,-8.29,-8.27,-8.14,-7.61,-7.31,-7.66,-8.37,-8.64,-8.71,-8.55,-8.25,-7.76,-7.44
-2.86,-2.86,-3.96,-5.78,-7.14,-9.35,-10.48,-10.32,-10.11,-9.28,-8.77,-8.78,-9.09,-9.2,-8.29,-6.68,-4.77,-3.28,-2.6,-1.27,-0.37,0.42,0.9,1.26,1.54,1.93,2.68,3.6,4.83,5.08,7.13,8.41,9.44,9.52,9.74,9.59,8.99,8.64,8.36,7.47,6.5,5.72,5.53,4.99,4.49,4.01,2.37,2.49,1.71,-0.2,-0.21,-1.81,-4.31,-2.27,-2.54,-3.99,-8.03,-10.1,-10.03,-5.71,-5.5,-7.18,-8.11,-9.13,-11.28,-10.15,-9.36,-8.9,-8.53,-8.18,-7.68,-7.43,-7.4,-7.48,-7.58,-7.35,-7.49,-7.45,-7.48,-7.28
-3.38,-2.91,-3.42,-5.17,-7.11,-9.06,-12.09,-11.54,-10.42,-9.31,-8.1,-7.96,-8.74,-9.56,-9.89,-9.18,-7.69,-6.29,-5.15,-3.69,-2.55,-1.48,-0.69,-0.22,0.19,0.85,1.38,1.89,1.85,1.59,4.55,6.33,7.32,7.26,7.59,7.64,7.69,7.56,6.73,5.95,5.44,4.93,4.48,4.26,4.1,3.5,1.42,0.47,0.33,-1.31,-1.18,-4.88,-1.94,-2.41,-2.75,-3.61,-8.64,-10.28,-10.16,-6.68,-6.58,-7.96,-7.67,-10.2,-11.78,-10.41,-9.01,-8.46,-8.12,-7.66,-7.47,-6.98,-6.98,-7.08,-7.12,-6.47,-6.98,-7.39,-7.24,-6.81
-2.94,-2.69,-2.75,-4.3,-5.96,-4.52,-5.28,-7.52,-9.51,-8.47,-8.82,-8.26,-9.12,-9.31,-9.13,-9.3,-8.46,-7.44,-6.79,-5.86,-4.55,-3.64,-2.87,-2.37,-2.37,-1.56,-1.1,-1.32,-0.8,2.21,4.15,4.9,5.08,5.91,6.47,6.63,6.94,6.49,5.62,4.98,4.51,3.54,3.46,3.16,2.45,1.59,0.6,0.7,0.99,-0.07,-2.68,-5.2,-3,-3,-3.55,-4.3,-7.53,-10.86,-9.64,-7.79,-7.87,-9.21,-9.31,-10.53,-10.89,-10.64,-9.46,-8.84,-9.08,-8.58,-8.18,-6.91,-6.31,-6.78,-6.6,-5.85,-6.04,-6.47,-6.3,-6.16
-2,-2.01,-1.97,-3.49,-4.66,-4.42,-2.32,-2.01,-5.45,-8.69,-8.29,-7.82,-7.97,-8.17,-7.92,-8.16,-8.42,-8.21,-7.78,-7.2,-6.71,-5.68,-5.33,-4.56,-4.29,-3.81,-3.02,-2.34,-0.94,1.37,2.73,3.53,4.36,5,5.32,5.8,6.02,5.24,4.54,4.16,3.24,2.39,1.72,2.17,1.57,0.53,0.25,0.11,-0.14,-2.14,-3.03,-4.09,-4.8,-3.84,-3.35,-4.57,-5.97,-10.24,-10.37,-8.03,-8.43,-9.26,-10.23,-10.74,-10.44,-10.55,-10.02,-9.86,-8.96,-8.01,-8.43,-7.52,-5.98,-5.48,-4.59,-3.66,-3.55,-4.31,-4.82,-4.65
-0.47,-0.2,-0.43,-0.79,-1.92,-3.48,-3.26,-3.32,-3.5,-9.72,-7.51,-6.99,-7.4,-7.81,-7.88,-8.27,-8.94,-8.77,-8.56,-7.97,-7.86,-7.02,-6.38,-5.92,-5.22,-4.64,-4.13,-3.37,-1.87,0.57,1.42,2.62,3.25,3.44,4.11,4.4,3.75,3.42,3.15,2.72,2.31,0.94,1.18,1.63,1.38,-0.04,-1.23,-1.69,-2.42,-3.36,-2.53,-3.68,-4.21,-3.54,-3.08,-3.73,-4.33,-7.15,-9.07,-8.11,-8.44,-8.76,-9.47,-9.82,-10.33,-10.03,-10.26,-9.89,-8.53,-7.52,-7.26,-6.35,-5.02,-4.17,-3.02,-1.46,-0.42,0.19,-0.53,-0.53
1.1,1.65,1.77,1.73,1.68,0.2,-0.74,-2.07,-4.44,-7.43,-7.13,-7.11,-6.77,-7.78,-8.53,-9.17,-9.44,-9.58,-9.41,-9.27,-8.98,-8.36,-7.05,-6.01,-4.91,-4.56,-3.93,-2.57,-1.18,-0.92,-0.15,0.91,1.41,2.22,2.6,2.18,2.04,2.03,1.13,1.24,1.57,0.94,1.56,0.94,0.31,-0.79,-0.84,-0.08,-1.12,-2.38,-2.12,-3.29,-3.01,-2.28,-1.54,-1.66,-3.11,-4.93,-6.32,-7.21,-7.68,-7.86,-7.83,-8.21,-9.72,-9.58,-8.78,-8.91,-8.11,-6.84,-6.01,-5.36,-3.96,-2.69,-1.67,-0.44,0.9,2.23,3.44,4.12
2.83,2.14,2.74,2.37,2.77,1.43,1.16,3.89,-3.33,-5.43,-6.27,-6.66,-6.25,-7.02,-8.02,-8.68,-9.06,-9.47,-9.5,-9.15,-9.26,-9.04,-7.25,-5.82,-4.71,-3.94,-3.23,-2.56,-2.53,-2.19,-1.25,-0.44,0.31,1.04,1.33,1.89,1.84,0.42,0.04,1.19,0.79,1.32,0.98,0.74,-0.33,-0.59,-0.21,-0.43,-0.68,-1.03,-1.6,-2.92,-2,-1.33,-0.53,-0.02,-0.77,-3.31,-3.92,-4.87,-5.67,-6.36,-6.3,-6.74,-7.71,-8.54,-7.73,-6.93,-6.56,-5.32,-3.98,-3.3,-2.49,-1.36,-0.12,1.26,2.88,4.71,6.45,7.75
4.5,2.94,2.84,2.6,2.52,1.52,0.24,-0.39,-3.56,-5.5,-5.75,-6.03,-6.94,-6.96,-7.31,-8.04,-7.81,-8.39,-8.27,-7.22,-7.35,-8.68,-7.22,-5.56,-4.93,-3.95,-3.07,-2.9,-3.43,-2.72,-2.03,-1.12,-0.55,-0.28,0.52,1.02,0.37,-0.63,-0.09,0.26,0.44,0.7,0.64,1.05,0.67,0.33,0.66,0.31,0.18,0.1,-0.49,-2.27,-2,-1.53,-0.68,0.06,0.41,-2.11,-2.74,-2.87,-3.61,-4.77,-4.8,-4.54,-4.88,-5.29,-5.57,-5.15,-4.49,-3.74,-2.82,-1.71,-0.82,0.27,1.59,2.97,4.3,5.61,7.09,8.64
3.83,3.26,2.7,2.11,1.77,1.43,-0.3,-0.7,-3.03,-6.18,-5.9,-6.62,-7.2,-7.36,-7.21,-7.58,-7.16,-7.24,-7.05,-5.58,-5.52,-6.81,-6.49,-5.15,-3.93,-3.44,-3,-2.99,-3.57,-3.33,-2.64,-1.45,-0.58,-0.32,-0.23,-0.23,-0.35,-0.23,0.45,0.87,0.74,0.7,1.04,1.41,1.49,1.43,1.19,1.15,1.66,1.65,0.89,0.18,-0.6,-1.42,-0.94,-0.6,-0.63,-1.36,-2.21,-2.13,-1.99,-2.34,-3.49,-3.06,-2.25,-1.81,-1.1,-0.68,-1.15,-1.5,-0.78,0.42,1.57,2.27,3.78,5.28,6.22,7.15,8.03,9.13
2.66,2.16,2.47,1.98,1.57,1.34,0.08,-1.21,-3.64,-5.75,-6.37,-7.18,-7.34,-6.99,-8.21,-7.52,-7.81,-7.85,-6.98,-5,-4.24,-4.83,-4.09,-4.24,-3.56,-2.92,-2.63,-2.47,-3.04,-2.97,-1.93,-1.25,-0.83,-0.78,-1.13,-1.21,-0.87,-0.46,-0.21,-0.23,-0.15,0.19,0.32,0.75,1.5,1.77,1.34,1.25,1.6,1.78,1.75,1.87,1.62,0.81,0.22,0.32,0.55,0.86,0.38,0.06,-0.17,0.31,0.82,0.66,1.39,2.36,3.17,3.8,4.46,4.87,4.95,5.08,5.63,6.02,6.78,7.97,8.96,10.01,11.14,12.12
2.65,0.55,1.2,1.56,2.01,1.69,1.15,-2.63,-2.97,-4.67,-5.68,-6.41,-6.38,-6.32,-7.12,-7.44,-7.37,-9.26,-8.17,-6.21,-4.67,-3.98,-3.23,-3.06,-3.11,-3.03,-2.55,-2.31,-1.8,-1.5,-1.94,-2.29,-2.28,-2.12,-2.41,-2.36,-2.06,-1.85,-1.83,-1.51,-1.5,-1.2,-1.07,-0.54,-0.04,0.64,1.12,1.26,1.51,1.65,1.75,1.9,1.75,1.65,1.68,1.96,2.48,3.2,3.93,3.95,3.35,2.82,3.13,3.76,4.33,5.27,6.01,6.09,6.26,6.67,6.95,7.03,7.44,8.07,8.94,10.11,11.25,12.45,13.53,14.45
5.3,1.91,2.49,1.5,2.44,1.91,2.66,-0.67,-3.85,-3.08,-3.98,-5.43,-5.08,-7.54,-6.44,-7.47,-7.69,-9.47,-9.59,-8.76,-7.17,-4.86,-3.62,-4.08,-3.79,-3.36,-3.15,-3.09,-2.86,-2.74,-3.24,-3.36,-3.71,-3.6,-3.59,-3.4,-3.04,-3.06,-2.77,-2.48,-2.62,-2.43,-2.24,-2.12,-1.83,-1.37,-0.68,0.19,1.2,1.99,2.4,2.54,2.61,2.78,3.01,3.15,3.42,3.76,4.36,5.24,5.49,5.52,5.98,6.62,7.29,7.66,8.29,8.7,8.92,9.15,9.41,9.58,9.98,10.61,11.29,11.99,12.73,13.59,14.47,15.33
7.18,5.02,4.82,3.86,4.06,3.09,2.91,3.08,-2.45,-2.62,-4.12,-5.19,-5.14,-7.52,-5.8,-5.9,-7.55,-7.41,-8.11,-8.23,-7.91,-6.75,-5.97,-5.79,-5.67,-5.55,-5.17,-4.73,-3.91,-3,-2.43,-3.62,-4.78,-4.6,-4.53,-4.75,-4.62,-4.49,-3.85,-3.45,-3.91,-3.93,-2.95,-2.33,-2.33,-2.52,-2.16,-1.35,-0.31,0.62,1.14,1.74,2.26,2.9,3.4,3.94,4.43,4.89,5.1,5.73,6.51,6.56,7.05,7.59,8.28,8.96,9.5,9.95,10.35,10.9,11.43,11.66,11.84,12.35,12.95,13.5,13.75,13.91,14.07,14.49
8.57,6.95,6.02,6.87,6.5,5.93,4.36,-1.15,-1.28,-2.37,-3.7,-4.88,-4.49,-4.8,-4.3,-5.17,-7.6,-6.5,-7.57,-6.84,-7.25,-7.89,-8.12,-8.14,-8.04,-7.81,-7.21,-6.47,-5.76,-3.99,-3.5,-4.7,-5.51,-5.83,-6.15,-6,-5.94,-6.08,-5.76,-5.67,-4.95,-4.16,-3.77,-3.74,-3.65,-3.27,-2.52,-1.44,-0.44,0.48,1.11,1.49,1.7,2.22,2.9,3.8,4.35,4.9,5.33,5.44,6.21,7.2,7.87,8.39,9.07,9.8,10.44,10.94,11.47,11.94,12.62,12.59,11.99,11.73,11.9,12.47,12.42,12.29,12.95,14.08
7.38,7.61,7.69,7.17,7.67,9.54,6.36,-3.39,-1.25,-1.02,-2.97,-3.87,-4.55,-1.64,-2.25,-5.06,-7.43,-6.77,-7.57,-7.32,-7.21,-8.21,-7.3,-8.57,-9.31,-9.72,-9.33,-7.34,-6.67,-5.99,-5.3,-5.57,-5.84,-6.27,-6.29,-5.95,-6.09,-6.25,-6.56,-6.32,-5.25,-4.22,-4.09,-4.08,-3.46,-2.68,-2.39,-1.43,-0.04,0.96,1.41,1.27,1.2,1.75,2.53,3.41,4.14,4.82,5.16,5.16,5.1,5.9,7.29,8.07,8.09,8.45,9.29,10.05,10.55,11.22,11.63,11.44,11.16,10.6,10.02,10.27,11.01,11.89,12.38,12.62
2.5,4.25,5.53,5.62,6.23,8.89,9.51,1.36,-1.19,-0.66,-1.91,-4.81,-4.92,-1.71,-3.42,-5.71,-7.3,-6.99,-7.27,-8.04,-7.09,-7.08,-5.6,-5.32,-6.1,-5.84,-5.64,-6.21,-5.7,-5.59,-6.2,-6.42,-6.86,-7.57,-6.8,-6.76,-6.21,-5.63,-5.74,-6,-4.85,-3.5,-3.47,-3.94,-3.47,-2.14,-1.42,-1.03,0.12,1.27,1.34,1.7,2.1,2.39,2.48,3.11,3.84,4.35,4.61,4.73,4.74,4.94,5.63,6.61,6.83,6.87,7.42,8.05,8.54,8.92,9.25,9.49,9.41,8.94,8.68,8.91,9.29,9.63,9.79,9.69
1.25,3.19,4.18,5.16,6.45,8.55,10.04,9.25,5.63,0.94,-1.57,-5.35,-3.67,-3.34,-4.7,-5.78,-6.17,-6.05,-6.31,-6.73,-6.79,-4.78,-3.87,-3.88,-4.32,-4.38,-2.39,-2.64,-1.72,-4.95,-5.47,-6.63,-7.67,-7.91,-8.15,-8.5,-6.9,-6,-5.04,-4.58,-3.73,-3.25,-2.64,-2.45,-2.77,-2,-0.45,0.12,0.45,1.5,2.27,2.54,2.63,2.51,2.48,3.07,3.53,4.11,4.54,5.34,5.78,5.37,5.26,5.55,5.65,5.97,6.31,6.24,6.39,6.9,7.19,7.05,6.55,6.37,6.63,7.04,7.42,7.4,6.38,5.22
1.47,2.3,3.16,4.57,7.23,9.01,10.81,9.54,8.19,1.21,0.18,-3.68,-4.17,-3.97,-4.05,-4.36,-3.83,-4.17,-5.15,-5.22,-3.48,-2.94,-2.95,-2.29,-3.32,-4.34,-4.61,-1.7,1.23,-4.75,-5.21,-7.41,-7.84,-6.82,-7.96,-7.92,-6.14,-5.74,-4.51,-3.66,-2.49,-1.49,-1.54,-0.8,-0.57,-0.43,0.24,0.82,1.63,2.37,2.67,3.31,3.3,2.91,2.92,2.83,2.12,1.82,2.1,3.65,4.56,4.47,3.85,3.6,3.8,4.44,4.92,5,5.17,5.44,5.59,5.56,5.11,5.07,5.21,5.41,4.72,3.11,2.25,2.39
1.03,1.56,2.19,3.5,5.09,6.93,9.07,7.63,6.53,3.55,2.61,-0.24,-1.39,-2.66,-2.87,-2.4,-1,-0.24,-0.27,-1.14,-1.53,-0.76,-2.11,-1.07,-2.37,-4.53,-4.35,-5.33,-5.19,-4.79,-5.29,-7.64,-8.31,-8.3,-8.42,-7.6,-5.67,-5.2,-4.26,-4.4,-1.96,-0.64,-1.71,0.2,1.26,2.33,1.92,2.52,3.17,2.87,2.96,3.86,4.88,2.66,2.65,2.55,1.51,0.83,0.35,1.79,2.82,3.07,2.31,1.94,1.68,2.17,2.92,3.45,3.8,4.2,4.53,4.38,3.97,4.03,3.79,1.94,0.14,-0.17,0.3,1.09
-0.31,1.28,2.46,3.69,3.56,3.3,5.91,5.56,5.28,4.86,5.65,4.03,4.03,2.95,3.23,6.91,6.8,2.75,1.59,2.82,-1.52,-0.28,-0.77,-0.54,-2.66,-4.19,-4.64,-5.28,-5.82,-5.84,-4.79,-6.2,-7.22,-8.05,-8.01,-6.81,-5.21,-5.68,-4.54,-4.41,-2.67,-2.15,-1.87,1.98,1.98,2.35,3.08,3.32,2.75,2.3,5.05,3.99,2.94,0.15,1.84,2.52,1.11,0.29,0.45,1.09,1.49,2.4,2.2,1.59,1.32,1.84,2.04,2.31,2.81,3.02,2.97,2.94,2.9,2,-0.36,-1.77,-1.64,-1.23,-0.44,0.98
1.4,-0.02,3.28,6.11,6.02,6,7.44,7.9,8.45,9.13,9.75,9.29,4.1,7.39,7.67,8.04,6.37,7.56,5.64,8.29,2.51,0.01,0.71,-0.44,-3.19,-3.97,-3.05,-3.55,-5.81,-5.38,-4.38,-4.61,-6.36,-6.86,-7.47,-6.43,-5.71,-6.23,-5.22,-5.37,-3.83,-3.41,-1.33,0.46,1.78,2.01,3.89,5.41,3.46,2.55,4.91,4.89,3.32,2.9,2.18,2.73,0.4,2.34,2.46,2.9,1.62,2.04,2.13,0.76,1.37,2.11,2.42,2.67,2.65,3.02,2.82,2.31,0.76,-1.47,-2.19,-2.03,-1.92,-1.25,-0.09,1.42
-0.21,-0.63,1.12,1.42,3.11,5.39,4.42,6.44,9.92,9.23,11.19,13.48,12.27,5.93,5.63,9.36,9.4,8.98,10.8,11.84,6.97,1.49,0.52,-1.23,-1.88,-2.77,-2.12,-3.24,-5.95,-4.9,-4.7,-5.31,-6.3,-6.35,-6.73,-6.1,-6.6,-6.2,-5.77,-5.53,-4.41,-3.6,-2.89,-1.3,-0.08,0.74,2.04,3.1,2.72,2.68,3.57,4.85,6.05,4.06,2.73,1.58,6.12,5.51,0.96,4.36,3.51,1.05,0.99,0.39,1.67,1.95,2.55,2.32,2.71,3.31,2.26,0.19,-1.79,-2.05,-1.95,-1.79,-1.45,-1,0.26,1.87
-3.74,-0.21,-0.55,-2.41,-0.69,2.43,4.38,3.87,2.81,6.18,8.8,6.01,1.45,0.78,-1.71,0.57,4.66,7.15,9.82,9.85,6.41,3.89,0.36,-0.72,-0.41,-1.29,-1.73,-3.37,-4.26,-4.76,-5.08,-5.67,-5.1,-5.68,-6.18,-6.12,-6.52,-5.94,-6.17,-6.56,-5.93,-4.81,-3.81,-1.84,-1.08,-0.36,0.08,-0.51,0.39,0.78,2.31,3.51,4.83,4.76,3.66,3.31,5.99,5.28,5.01,6.12,7.86,2.35,-0.18,1.43,1.65,2.04,2.05,2.1,2.74,1.67,-0.33,-2.15,-2.5,-2.16,-1.68,-1.36,-1.48,-0.84,0.65,2.39
-6.41,-5.35,-6.51,-6.02,-4.38,-2.13,-0.43,0.26,-0.83,-3.02,-1.48,-4.03,-3.26,-2.71,-1.77,-1.21,2.26,5.39,6.23,7.26,4.99,2.89,1.12,0.11,-0.37,-0.91,-2.09,-3.08,-3.26,-4.8,-4.24,-4.16,-3.74,-5.19,-5.77,-6.18,-5.74,-6.28,-7.17,-6.59,-6.74,-6.52,-5.33,-3.25,-2.68,-3.23,-2.17,-1.1,0.87,2.55,3.48,4.44,4.2,6.64,5.23,5.5,5.55,7.09,6.27,6.98,5.05,-2.05,-1.01,0.35,1.7,2.28,1.6,1.91,1.3,-0.63,-2.28,-3.11,-3.18,-2.42,-2.06,-2.27,-2.01,-0.77,0.7,2.25
