gfs.json
{"header": {"discipline":0,"disciplineName":"Meteorological products","gribEdition":2,"gribLength":135324,"center":7,"centerName":"US National Weather Service - NCEP(WMC)","subcenter":0,"refTime":"2014-01-13T12:00:00.000Z","significanceOfRT":1,"significanceOfRTName":"Start of forecast","productStatus":0,"productStatusName":"Operational products","productType":1,"productTypeName":"Forecast products","productDefinitionTemplate":0,"productDefinitionTemplateName":"Analysis/forecast at horizontal level/layer at a point in time","parameterCategory":2,"parameterCategoryName":"Momentum","parameterNumber":3,"parameterNumberName":"V-component_of_wind","parameterUnit":"m.s-1","genProcessType":2,"genProcessTypeName":"Forecast","forecastTime":3,"surface1Type":100,"surface1TypeName":"Isobaric surface","surface1Value":85000,"surface2Type":255,"surface2TypeName":"Missing","surface2Value":0,"gridDefinitionTemplate":0,"gridDefinitionTemplateName":"Latitude_Longitude","numberPoints":65160,"shape":6,"shapeName":"Earth spherical with radius of 6,371,229.0 m","gridUnits":"degrees","resolution":48,"winds":"true","scanMode":0,"nx":360,"ny":181,"basicAngle":0,"subDivisions":0,"lo1":0,"la1":90,"lo2":359,"la2":-90,"dx":1,"dy":1}, "data":
[rows 0 to 35 of 181, columns 0 to 80 of 360]
-7.23,-7.37,-7.51,-7.65,-7.79,-7.93,-8.06,-8.19,-8.32,-8.44,-8.56,-8.68,-8.8,-8.92,-9.03,-9.14,-9.24,-9.35,-9.45,-9.54,-9.64,-9.73,-9.82,-9.91,-9.99,-10.07,-10.15,-10.22,-10.29,-10.36,-10.42,-10.48,-10.54,-10.6,-10.65,-10.7,-10.74,-10.78,-10.82,-10.86,-10.89,-10.92,-10.94,-10.96,-10.98,-11,-11.01,-11.02,-11.02,-11.02,-11.02,-11.02,-11.01,-11,-10.98,-10.96,-10.94,-10.92,-10.89,-10.86,-10.82,-10.78,-10.74,-10.7,-10.65,-10.6,-10.54,-10.49,-10.43,-10.36,-10.29,-10.22,-10.15,-10.07,-9.99,-9.91,-9.83,-9.74,-9.64,-9.55,-9.45
-4.62,-4.7,-4.78,-4.87,-4.96,-5.05,-5.15,-5.24,-5.32,-5.42,-5.51,-5.61,-5.7,-5.79,-5.89,-5.98,-6.07,-6.16,-6.25,-6.34,-6.43,-6.52,-6.6,-6.69,-6.77,-6.85,-6.93,-7.01,-7.08,-7.16,-7.23,-7.31,-7.38,-7.44,-7.51,-7.58,-7.64,-7.71,-7.76,-7.82,-7.88,-7.93,-7.99,-8.04,-8.09,-8.14,-8.18,-8.23,-8.27,-8.32,-8.36,-8.4,-8.43,-8.47,-8.51,-8.54,-8.58,-8.61,-8.64,-8.67,-8.7,-8.72,-8.75,-8.77,-8.79,-8.82,-8.83,-8.85,-8.87,-8.88,-8.9,-8.91,-8.92,-8.93,-8.94,-8.95,-8.96,-8.96,-8.96,-8.96,-8.96
-2.24,-2.39,-2.53,-2.67,-2.82,-2.97,-3.11,-3.27,-3.42,-3.57,-3.7,-3.85,-3.99,-4.12,-4.25,-4.38,-4.5,-4.62,-4.73,-4.84,-4.93,-5.03,-5.12,-5.2,-5.28,-5.35,-5.42,-5.48,-5.53,-5.58,-5.62,-5.67,-5.71,-5.74,-5.77,-5.8,-5.83,-5.85,-5.88,-5.9,-5.93,-5.95,-5.98,-6,-6.02,-6.05,-6.08,-6.11,-6.14,-6.17,-6.2,-6.24,-6.27,-6.3,-6.34,-6.38,-6.42,-6.46,-6.5,-6.54,-6.58,-6.62,-6.65,-6.69,-6.73,-6.77,-6.81,-6.85,-6.89,-6.92,-6.96,-7,-7.02,-7.06,-7.09,-7.12,-7.16,-7.19,-7.22,-7.25,-7.28
-0.86,-1.15,-1.45,-1.75,-2.05,-2.34,-2.62,-2.9,-3.17,-3.43,-3.68,-3.9,-4.12,-4.32,-4.5,-4.67,-4.81,-4.94,-5.05,-5.14,-5.21,-5.27,-5.31,-5.33,-5.33,-5.32,-5.31,-5.28,-5.24,-5.2,-5.15,-5.1,-5.04,-5,-4.95,-4.9,-4.86,-4.82,-4.79,-4.78,-4.76,-4.76,-4.76,-4.77,-4.79,-4.81,-4.84,-4.88,-4.92,-4.96,-5.01,-5.05,-5.1,-5.15,-5.19,-5.23,-5.27,-5.31,-5.35,-5.39,-5.42,-5.45,-5.47,-5.5,-5.51,-5.53,-5.55,-5.56,-5.56,-5.57,-5.57,-5.57,-5.57,-5.57,-5.57,-5.58,-5.59,-5.6,-5.61,-5.64,-5.66
0.38,-0.09,-0.58,-1.07,-1.57,-2.06,-2.55,-3.02,-3.48,-3.91,-4.31,-4.68,-5.02,-5.32,-5.58,-5.8,-5.98,-6.12,-6.22,-6.29,-6.31,-6.31,-6.28,-6.22,-6.14,-6.05,-5.94,-5.82,-5.71,-5.59,-5.47,-5.36,-5.25,-5.15,-5.06,-4.97,-4.88,-4.8,-4.71,-4.62,-4.52,-4.42,-4.31,-4.19,-4.06,-3.93,-3.79,-3.64,-3.5,-3.36,-3.22,-3.09,-2.97,-2.86,-2.76,-2.68,-2.62,-2.56,-2.52,-2.49,-2.47,-2.46,-2.46,-2.45,-2.46,-2.47,-2.47,-2.49,-2.5,-2.52,-2.54,-2.57,-2.6,-2.65,-2.71,-2.77,-2.85,-2.94,-3.05,-3.17,-3.29
0.02,-0.51,-1.07,-1.65,-2.24,-2.84,-3.42,-3.98,-4.5,-4.99,-5.43,-5.81,-6.15,-6.43,-6.65,-6.81,-6.92,-6.99,-7,-6.98,-6.91,-6.82,-6.7,-6.56,-6.4,-6.23,-6.04,-5.83,-5.6,-5.36,-5.1,-4.81,-4.51,-4.18,-3.83,-3.46,-3.08,-2.68,-2.28,-1.88,-1.48,-1.1,-0.75,-0.43,-0.15,0.09,0.29,0.42,0.51,0.54,0.51,0.44,0.35,0.22,0.07,-0.1,-0.25,-0.39,-0.53,-0.63,-0.72,-0.79,-0.83,-0.86,-0.88,-0.9,-0.92,-0.94,-0.98,-1.04,-1.11,-1.19,-1.29,-1.41,-1.55,-1.69,-1.83,-1.99,-2.14,-2.3,-2.46
-1.13,-1.82,-2.52,-3.22,-3.9,-4.56,-5.17,-5.72,-6.21,-6.62,-6.96,-7.21,-7.38,-7.49,-7.52,-7.49,-7.4,-7.27,-7.08,-6.86,-6.59,-6.28,-5.93,-5.55,-5.13,-4.66,-4.13,-3.56,-2.92,-2.23,-1.5,-0.74,0.02,0.77,1.47,2.09,2.61,3.02,3.29,3.44,3.46,3.35,3.14,2.86,2.5,2.1,1.69,1.26,0.84,0.44,0.07,-0.26,-0.54,-0.77,-0.96,-1.09,-1.18,-1.23,-1.25,-1.24,-1.22,-1.19,-1.16,-1.13,-1.1,-1.07,-1.05,-1.03,-1.02,-1.01,-1.01,-1.01,-1.03,-1.05,-1.09,-1.15,-1.23,-1.35,-1.49,-1.67,-1.88
-1.46,-2.26,-3.06,-3.86,-4.62,-5.32,-5.96,-6.51,-6.96,-7.31,-7.57,-7.73,-7.8,-7.76,-7.63,-7.41,-7.1,-6.72,-6.28,-5.77,-5.18,-4.5,-3.71,-2.8,-1.75,-0.58,0.68,1.96,3.2,4.33,5.26,5.93,6.3,6.35,6.11,5.64,5,4.27,3.53,2.82,2.19,1.62,1.12,0.69,0.29,-0.05,-0.37,-0.66,-0.94,-1.21,-1.46,-1.69,-1.89,-2.06,-2.2,-2.3,-2.34,-2.34,-2.29,-2.21,-2.09,-1.94,-1.79,-1.63,-1.48,-1.36,-1.25,-1.16,-1.11,-1.08,-1.07,-1.09,-1.13,-1.18,-1.25,-1.32,-1.39,-1.45,-1.5,-1.53,-1.53
-0.33,-0.97,-1.65,-2.36,-3.06,-3.75,-4.41,-5.02,-5.56,-6,-6.31,-6.45,-6.41,-6.2,-5.82,-5.31,-4.68,-3.91,-2.98,-1.85,-0.49,1.04,2.62,4.07,5.19,5.88,6.11,5.97,5.59,5.1,4.55,3.99,3.42,2.87,2.34,1.84,1.36,0.89,0.42,-0.04,-0.5,-0.94,-1.37,-1.79,-2.17,-2.5,-2.78,-3,-3.15,-3.23,-3.27,-3.29,-3.32,-3.36,-3.43,-3.52,-3.63,-3.71,-3.75,-3.72,-3.64,-3.51,-3.35,-3.14,-2.91,-2.67,-2.39,-2.1,-1.78,-1.44,-1.09,-0.71,-0.32,0.09,0.49,0.89,1.25,1.59,1.88,2.12,2.32
-0.83,-1.26,-1.69,-2.1,-2.47,-2.78,-3.04,-3.24,-3.38,-3.41,-3.35,-3.17,-2.89,-2.47,-1.91,-1.19,-0.28,0.87,2.19,3.45,4.44,4.94,4.92,4.48,3.76,2.95,2.17,1.54,1.12,0.93,0.93,1.06,1.24,1.43,1.51,1.41,1.08,0.55,-0.19,-1.08,-2.05,-3.01,-3.89,-4.64,-5.23,-5.62,-5.79,-5.82,-5.77,-5.72,-5.71,-5.73,-5.76,-5.78,-5.77,-5.74,-5.68,-5.47,-5.07,-4.55,-4.04,-3.54,-2.99,-2.37,-1.65,-0.9,-0.15,0.6,1.4,2.18,2.89,3.43,3.84,4.13,4.26,4.24,4.09,3.87,3.61,3.32,3
-0.1,-0.47,-0.82,-1.14,-1.45,-1.72,-1.97,-2.13,-2,-1.55,-0.98,-0.45,-0.07,-0.01,0.05,0.64,1.44,1.38,0.92,0.82,0.03,-0.54,-1.08,-1.47,-1.97,-2.8,-3.03,-2.2,-1.24,-0.68,-0.07,0.67,1.3,1.68,1.74,1.4,0.69,-0.31,-1.5,-2.76,-3.97,-5.07,-6,-6.72,-7.23,-7.54,-7.73,-7.8,-7.74,-7.55,-7.26,-6.92,-6.52,-6.04,-5.51,-4.97,-4.37,-3.69,-2.97,-2.23,-1.33,-0.31,0.76,1.79,2.72,3.45,3.93,4.21,4.32,4.32,4.25,4.13,3.99,3.87,3.77,3.66,3.55,3.42,3.22,2.99,2.71
-1.26,-1.65,-1.97,-2.24,-2.57,-2.96,-3.31,-3.6,-3.75,-3.61,-3.46,-3.4,-2.61,-0.14,0.25,-0.92,-0.83,1.14,0.19,-4.02,-6,-5.65,-4.96,-4.11,-3.37,-2.76,-2.02,-1.09,-0.06,0.9,1.48,1.55,1.09,0.16,-0.96,-2.06,-3.03,-3.87,-4.6,-5.27,-5.92,-6.52,-7.07,-7.51,-7.82,-8,-8.03,-7.88,-7.55,-7.05,-6.42,-5.7,-4.93,-4.13,-3.3,-2.41,-1.45,-0.47,0.47,1.25,1.82,2.18,2.41,2.57,2.72,2.93,3.23,3.58,3.95,4.3,4.59,4.77,4.84,4.83,4.73,4.54,4.31,4.02,3.66,3.25,2.83
-2.65,-3.09,-3.6,-4.12,-4.58,-4.93,-5.19,-5.37,-5.41,-5.24,-4.86,-4.3,-3.56,-2.56,-1.59,-1.15,-1.82,-3.08,-4.56,-4.76,-4.15,-4.89,-5.47,-4.7,-3.49,-3.02,-2.7,-2.26,-1.91,-1.81,-1.96,-2.32,-2.8,-3.31,-3.81,-4.32,-4.85,-5.43,-6.02,-6.59,-7.08,-7.45,-7.69,-7.77,-7.66,-7.36,-6.88,-6.23,-5.49,-4.74,-4.05,-3.47,-2.96,-2.46,-1.97,-1.46,-0.95,-0.51,-0.14,0.15,0.41,0.71,1.13,1.69,2.37,3.08,3.77,4.39,4.92,5.33,5.6,5.78,5.92,6.01,6.02,5.93,5.68,5.27,4.75,4.12,3.43
-4.42,-4.45,-4.49,-4.53,-4.58,-4.62,-4.68,-4.76,-4.87,-4.98,-5.07,-5.25,-5.65,-6.36,-6.91,-7.22,-7.44,-6.33,-4.36,-3.5,-3.3,-3.25,-3.4,-3.64,-3.82,-3.85,-3.74,-3.58,-3.49,-3.58,-3.86,-4.31,-4.87,-5.46,-6.02,-6.49,-6.82,-7.03,-7.15,-7.22,-7.23,-7.14,-6.9,-6.5,-5.98,-5.42,-4.94,-4.59,-4.38,-4.22,-4.01,-3.72,-3.36,-2.99,-2.62,-2.13,-1.54,-0.89,-0.3,0.15,0.5,0.75,0.84,0.66,0.21,-0.04,0.14,1.55,3.66,5.29,6.54,7.63,8.1,8.18,8.06,7.59,6.85,5.98,5.06,4.14,3.3
-3.38,-3.71,-4.05,-4.39,-4.7,-4.96,-5.19,-5.4,-5.6,-5.81,-6.03,-6.31,-6.64,-6.99,-7.27,-7.35,-7.17,-6.77,-6.28,-5.82,-5.46,-5.18,-4.87,-4.47,-4.02,-3.6,-3.35,-3.33,-3.54,-3.92,-4.44,-5.1,-5.86,-6.64,-7.32,-7.75,-7.88,-7.7,-7.27,-6.69,-6.04,-5.4,-4.84,-4.43,-4.24,-4.28,-4.54,-4.87,-5.09,-5.08,-4.86,-4.62,-4.38,-4.02,-3.3,-2.21,-1.13,-0.41,-0.25,-0.32,-0.26,-0.12,-0.45,0.15,1.7,2.99,3.84,4.97,5.99,6.67,7.13,7.5,8.01,8.63,9,8.71,7.76,6.37,4.9,3.64,2.67
-3.29,-3.39,-3.58,-3.86,-4.21,-4.59,-4.98,-5.41,-5.89,-6.39,-6.86,-7.24,-7.5,-7.73,-8,-8.24,-8.36,-8.33,-8.18,-7.9,-7.45,-6.81,-6.01,-5.16,-4.42,-3.92,-3.68,-3.62,-3.66,-3.79,-4.04,-4.45,-5.01,-5.58,-6.05,-6.32,-6.34,-6.11,-5.64,-4.93,-4.1,-3.37,-2.9,-2.64,-2.57,-2.7,-3.13,-3.84,-4.67,-5.38,-5.79,-5.94,-5.85,-5.24,-3.83,-1.79,0.05,1.75,3.03,1.83,-0.07,0.72,1.59,1.81,2.33,3.32,4.48,5.43,5.9,5.92,5.84,6.07,6.74,7.51,7.78,7.18,5.84,4.22,2.84,1.93,1.46
-3.09,-3.26,-3.49,-3.76,-4.12,-4.6,-5.19,-5.84,-6.51,-7.1,-7.61,-8.13,-8.76,-9.45,-9.99,-10.12,-9.73,-9.05,-8.34,-7.66,-6.96,-6.08,-5.01,-3.9,-2.92,-2.21,-1.77,-1.56,-1.49,-1.58,-1.89,-2.52,-3.46,-4.51,-5.49,-6.25,-6.65,-6.7,-6.51,-6.12,-5.51,-4.75,-3.97,-3.28,-2.79,-2.52,-2.51,-2.71,-2.98,-3.17,-3.29,-3.38,-3.4,-3.06,-2.17,-1.28,-0.96,-0.64,-0.84,-0.82,-0.17,0.84,1.99,3.31,4.78,6.15,7.01,7.18,6.77,6.12,5.56,5.23,5.04,4.75,4.17,3.32,2.37,1.57,1.09,0.98,1.1
-3.16,-3.17,-3.34,-3.63,-4.02,-4.49,-5.03,-5.61,-6.13,-6.57,-7.01,-7.52,-8.23,-9.14,-9.89,-10.02,-9.24,-7.7,-5.9,-4.3,-3.14,-2.37,-1.92,-1.78,-1.93,-2.31,-2.76,-3.06,-3.06,-2.85,-2.68,-2.82,-3.34,-4.05,-4.85,-5.62,-6.31,-6.88,-7.28,-7.33,-6.9,-6,-4.84,-3.69,-2.76,-2.14,-1.87,-1.89,-2.08,-2.37,-2.74,-3.22,-3.85,-4.33,-4.34,-3.2,-1.65,-1.13,0,1.35,2.67,4.03,5.02,5.57,5.68,5.4,4.89,4.4,4.07,3.89,3.73,3.47,3.12,2.74,2.36,2.06,1.94,2.02,2.3,2.67,2.8
-2.27,-2.42,-2.72,-3.19,-3.74,-4.19,-4.44,-4.56,-4.71,-5.04,-5.6,-6.4,-7.3,-8.02,-8.22,-7.75,-6.6,-5.09,-3.67,-2.68,-2.17,-2.07,-2.32,-2.76,-3.11,-3.12,-2.73,-2.16,-1.65,-1.29,-1.04,-0.93,-1.08,-1.73,-2.6,-3.23,-3.8,-4.57,-5.4,-6.16,-6.63,-6.54,-5.94,-5.11,-4.28,-3.66,-3.49,-3.78,-4.21,-4.49,-4.71,-5.11,-5.42,-5.19,-3.77,-2.4,-2.14,-1.26,-0.11,1.03,1.88,2.38,2.67,2.81,2.9,3,3.1,3.16,3.14,3.1,3.04,3,3,2.94,2.99,3.19,3.53,3.98,4.41,4.74,4.82
-1.34,-1.92,-2.74,-3.64,-4.44,-4.99,-5.26,-5.34,-5.48,-5.87,-6.41,-6.68,-6.32,-5.43,-4.44,-3.73,-3.25,-2.87,-2.47,-2.12,-1.99,-2.04,-2.27,-2.69,-3.07,-3.07,-2.97,-2.97,-2.78,-1.93,-0.7,0.17,0,-1.61,-3.63,-5.18,-5.83,-5.71,-5.49,-5.62,-5.95,-5.93,-5.29,-4.37,-3.78,-4.02,-4.94,-5.99,-6.84,-7.47,-7.69,-7.33,-6.5,-5.62,-4.93,-4.33,-3.69,-2.77,-1.76,-0.97,-0.28,0.41,1.11,1.82,2.54,3.21,3.8,4.31,4.69,4.9,4.93,4.7,4.33,3.97,3.77,3.81,4.03,4.31,4.41,4.49,4.6
-1.38,-1.88,-2.34,-2.73,-3.16,-3.63,-4.09,-4.46,-4.82,-5.26,-5.71,-5.73,-4.99,-3.62,-2.14,-1.01,-0.22,0.11,0.23,0.5,0.63,0.19,-1.65,-3.64,-4.92,-5.17,-3.81,-2.98,-1.98,-0.03,0.38,-0.12,-1.35,-3.05,-4.27,-5.06,-5.85,-6.75,-7.46,-7.45,-6.56,-5.49,-5.32,-6.26,-7.55,-8.44,-8.92,-9.12,-9.04,-8.75,-8.4,-8.2,-8.1,-7.83,-7.22,-6.38,-5.52,-4.66,-3.73,-2.5,-1.3,-0.05,1.32,2.74,4.25,5.67,6.66,7.09,7.21,7.32,7.34,7,6.36,5.58,4.87,4.37,4.09,4.16,4.1,3.89,4.16
-0.74,-1.02,-1.16,-1.23,-1.39,-1.67,-1.99,-2.28,-2.53,-2.82,-3.1,-3.16,-2.75,-1.98,-1.35,-1.03,-1.1,-1.25,-0.91,-0.65,-0.99,-1.39,-1.77,-0.75,1.12,2.11,2.78,2.71,2.06,0.51,-1.51,-3.33,-4.8,-5.96,-6.68,-7.01,-7.13,-6.98,-6.84,-7.24,-7.96,-8.96,-9.87,-10.54,-10.77,-10.56,-10.33,-10.28,-10.18,-9.96,-9.53,-8.85,-8.01,-7.09,-6.04,-4.86,-3.51,-2.1,-0.78,0.21,0.77,1.28,2.07,2.6,2.76,3.96,6.29,8.33,8.97,8.64,8.64,8.91,8.57,7.77,6.83,5.92,5.24,4.75,4.36,4.04,3.72
-0.57,-0.79,-0.88,-0.91,-0.91,-0.81,-0.55,-0.2,0.09,0.28,0.46,0.62,0.61,0.14,-0.88,-1.95,-1.74,-0.49,0.38,-0.5,-3.42,-2.2,0.3,2.15,2.55,2.03,1.42,1.08,-0.2,-2.05,-4.04,-6.35,-7.98,-8.15,-8.67,-8.87,-9.43,-10.22,-10.79,-10.72,-10.37,-10.84,-11.41,-11.65,-11.94,-12.24,-11.91,-10.75,-9.19,-7.62,-6.38,-5.24,-4,-2.87,-1.93,-0.94,-0.15,0.65,1.43,2.04,2.38,3.09,4.16,4.69,4.46,3.13,2.94,5.14,5.13,4.51,5.15,7,8.5,8.74,8.17,7.74,7.32,6.77,6.19,5.51,4.64
0.03,0.1,0.24,0.41,0.53,0.53,0.52,0.74,1.08,1.35,1.82,2.61,3.27,2.59,3.1,2.73,2.14,0.93,-1.8,-3.88,-2.9,-1.44,-0.46,-0.36,-1.31,-1.94,-1.64,-1.36,-1.8,-3.06,-4.46,-5.96,-7.17,-8.43,-10.17,-11.58,-12.5,-12.76,-12.36,-11.95,-12.19,-12.26,-11.98,-11.59,-10.78,-9.66,-8.35,-6.66,-4.53,-3.3,-1.93,-0.9,0.18,0.89,1.61,2.66,3.43,3.63,3.08,1.83,0.99,1.74,2.85,3,3.21,4.09,4.41,3.71,1.5,0.32,0.78,2.93,5.71,7.71,8.76,9.12,8.59,7.68,7.04,6.88,6.58
-0.18,-0.05,0.1,0.47,0.99,1.41,1.57,1.71,1.93,2.41,3.43,4.69,5.71,6.46,4.56,2.19,0.67,-0.51,-1.66,-2.31,-2.55,-2.36,-2.54,-3.61,-4.78,-4.94,-4.5,-4.18,-4.53,-5.28,-6.64,-7.69,-8.75,-9.34,-9.12,-8.32,-7.91,-7.96,-8.64,-9.54,-10.15,-10.08,-9.02,-7.47,-5.82,-4.63,-4.09,-3.65,-2.4,-0.64,0.53,0.98,1.06,1.89,3.4,4.95,6.03,6.08,4.48,1.99,0.2,0.45,3.46,6.71,6.09,4.25,2.41,1.21,0.24,-0.3,0.23,2.39,5.64,8.99,11.01,10.92,9.61,7.97,6.89,6.77,7.02
-0.62,-0.5,-0.31,-0.16,0.12,0.81,1.76,2.73,3.71,5.53,8.42,10.38,12.36,10.45,5.54,3.32,0.96,-0.89,-2.03,-3.15,-3.82,-4.2,-4.75,-5.82,-6.41,-6.26,-6.3,-6.37,-6.61,-7.49,-8.52,-9,-8.82,-8.34,-8.31,-8.06,-7.76,-7.92,-7.53,-6.37,-4.84,-3.7,-2.96,-2.62,-2.38,-1.76,-1.3,-1.45,-1.23,-0.84,-0.54,0.09,1.41,2.96,4.14,5.48,7.36,8.05,6.17,2.28,3.78,5.15,6.41,5.05,3.12,1.85,0.98,0.04,-0.48,-0.1,1.54,4.1,6.71,9,10.47,10.68,9.77,8.55,7.78,7.43,7.31
0.74,0.41,-0.19,-0.91,-1.45,-1.11,0.14,1.16,1.76,4.65,13.81,18.44,16.89,13.78,7.98,4.16,1.48,-0.62,-2.16,-2.76,-3.33,-4.56,-5.85,-6.21,-6.51,-7.23,-7.78,-7.98,-8.16,-8.32,-8.48,-8.66,-9.12,-10.36,-11.8,-11.79,-9.25,-6.84,-5.44,-3.88,-3.11,-2.5,-1.82,-1.06,-0.48,-0.47,-0.62,-1.05,-1.71,-1.76,-0.66,0.53,2,3.5,4.47,5.35,6.79,7.83,6.69,4.83,4.54,4.81,5.15,3.88,2.23,0.97,0.11,0.18,1.37,3.07,4.79,6.12,6.92,7.46,8.12,8.99,9.57,9.78,9.65,9.12,8.3
4.32,2.99,2.6,2.75,2.91,3.04,3.76,5.23,3.86,4.45,16.15,20.88,11.63,9.68,8.02,4.87,2.13,0,-1.4,-2.72,-4.92,-6.22,-6.36,-6.49,-7.18,-7.69,-7.61,-7.39,-7.64,-8.1,-8.19,-8.44,-9.71,-11.43,-11.77,-9.57,-6.94,-5.06,-3.91,-2.86,-2.1,-1.59,-0.79,-0.04,0.02,0.07,-0.11,-0.6,-0.9,-0.65,0.08,1.09,2.46,3.92,5.34,6.67,7.77,8.42,7.71,5.63,3.39,3.14,3.97,3.66,2.33,1.18,0.9,1.02,2.2,4.14,5.76,6.6,7.18,7.95,8.86,9.65,10.22,10.58,10.58,9.92,8.53
9.95,9.77,9.5,8.3,7.12,5.22,2.67,4.37,4.13,5.59,7.21,11.69,10.78,10.28,7.96,4.72,2.41,0.21,-2.66,-5.48,-5.93,-5.49,-6.01,-6.79,-7.02,-6.66,-6.59,-7.45,-8.93,-9.26,-8.15,-8.26,-10.27,-11.4,-10.65,-9.08,-7.02,-4.99,-3.33,-2.17,-1.46,-0.85,-0.6,-0.43,-0.59,-0.6,-0.39,-0.12,0.35,1.42,2.84,4.23,5.3,6.18,6.95,7.32,7.35,7.2,7.68,6.99,4.19,2.12,1.94,2.65,2.69,2.29,2.36,2.81,3.23,4.09,5.33,6.08,6.8,8.29,9.89,10.39,10.25,10.37,10.36,9.63,8.32
16.75,16.44,13.5,11.69,12.79,11.1,0.28,2.19,1.37,5.16,7.89,8.35,8.91,8.9,7.18,4.65,2.06,-1.83,-5.44,-5.49,-5.02,-5.73,-6.72,-7.35,-7.54,-7.26,-7.39,-8.38,-9.48,-9.33,-7.95,-7.88,-9.65,-10.08,-9.01,-8.41,-7.6,-5.44,-3.03,-1.79,-1.01,-0.75,-0.91,-0.88,-0.86,-0.11,1.1,2.47,3.55,4.69,5.62,6.33,7.13,8.33,9.14,8.59,7.24,5.62,5.35,5.63,4.14,3.75,3.27,2.79,2.87,3.02,3.17,3.24,3.13,3.83,5.06,5.53,6.47,8.84,10.28,10.31,10.66,10.92,10.31,9.61,9.08
2.76,12.2,19.1,17.62,16.58,16.8,4.81,0.62,1.04,3.38,6.65,6.05,6.65,7.01,5.9,3.84,1.76,-0.03,-1.76,-3.03,-4.63,-5.93,-6.56,-7.2,-7.69,-7.73,-7.77,-8.22,-8.82,-8.52,-8.61,-10.37,-11.72,-9.65,-6.88,-6.72,-6.3,-5.2,-4.2,-3.14,-2.05,-1.48,-1.21,-0.14,0.94,2.05,2.74,3.34,4.01,4.61,5.37,6.6,8.49,10.19,10.8,9.43,7.25,5.26,4.13,3.67,4.15,6.25,6.11,4.07,2.62,2.57,2.88,2.85,2.97,3.77,3.95,4,6.57,9.53,10.15,10.55,11.41,11.43,11.03,10.83,10.46
-0.57,-1.66,5.59,15.18,19.25,19.56,20.05,5.79,4.54,4.49,5.71,5.48,5.97,6.03,5.27,3.82,2.15,1.46,1.04,-0.82,-4.08,-6.78,-8,-8.95,-10.2,-10.69,-10.22,-10.53,-10.43,-9.21,-9.94,-13.28,-13.42,-8.95,-6.36,-6.82,-6.26,-5.08,-4.28,-3.18,-1.71,-0.87,-0.67,-0.62,-0.79,-0.56,0.99,3.37,5.04,5.83,7.34,9.74,12.19,13.07,12.37,9.64,7.05,5.36,4.37,3.73,4.67,7.06,7.4,4.74,2.7,2.85,3.49,2.86,2.17,1.93,1.62,3.91,7.85,9.14,9.5,11.16,12.35,12.51,12.49,12.03,11.04
1.24,0.65,-1.93,-1.27,6.07,12.97,14.38,10.49,7.1,9.68,12.71,10.73,8.09,7.24,6.75,5.36,3.69,2.54,1.49,-0.12,-3.29,-7.04,-9.12,-9.71,-10.57,-10.25,-9.58,-10.57,-11.86,-10.58,-9.97,-11.51,-11.41,-9.1,-7.1,-5.64,-4.66,-4.5,-3.61,-2.45,-2.3,-2.52,-3,-2.93,-2.4,-0.49,1.85,3.09,4.91,8.71,12.07,13.99,15.17,15.04,13.91,11.01,7.96,6.1,5.6,6.18,6.95,7.67,6.63,4.29,2.69,2.36,2.11,1.73,1.53,1.21,2.02,5.11,7.64,8.83,11.1,13.25,13.58,13.81,13.67,12.73,11.55
2.83,2.39,2.05,0.66,-1.18,-1.29,0.47,3.5,6.36,9.42,12.94,15.15,15.48,12.92,10.23,8.37,5.72,3.28,1.35,0.55,-1.65,-6,-9.79,-10.87,-11.8,-12.04,-9.83,-9.47,-10.86,-11.06,-10.94,-11.58,-10.93,-9.53,-7.46,-4.91,-4.32,-5.25,-5.19,-4.68,-4.37,-4.04,-3.96,-4.33,-3,-1.75,-0.76,3.14,9.44,14.65,17.29,18.86,19,18.53,17.65,16.48,14.02,10.75,8.4,7.11,7.01,7.3,5.79,2.94,1.44,1.32,1.94,2.15,1.47,0.66,1.28,4.15,7.17,9.89,12.74,13.62,14.33,15.35,14.57,12.93,11.25
3.92,3.89,3.47,2.78,1.94,1.02,-0.06,-0.8,1.3,4.43,6.14,7.83,12.78,16.92,14.96,10.6,7.42,4.93,2.36,0.44,-1.87,-5.1,-9.05,-11.05,-12.14,-13.41,-12.07,-9.16,-9.81,-10.94,-10.53,-10.6,-9.96,-8.69,-8.13,-7.14,-6.18,-7.05,-7.72,-4.91,-3.37,-4.02,-4.82,-5.16,-4.23,-5.09,-2.6,4.64,11,15.86,19.08,19.97,19.35,18.52,17.71,17.36,16.35,14.18,11.02,7.56,6.19,5.93,4.32,2.28,1.08,1.39,2.45,1.94,0.05,-0.82,0.44,4.17,7.6,10.6,12.47,12.61,14.57,15.83,14.63,12.72,10.7
6.54,6.52,6.39,6.06,5.17,3.5,1.95,0.77,0.11,1.4,2.41,2.95,4.48,7.85,11.71,12.03,8.21,4.61,3.16,1.65,-1.24,-4.49,-7.56,-10.3,-12.6,-14.33,-13.99,-11.68,-9.89,-9.75,-9.22,-9.16,-9.97,-9.72,-8.61,-8.5,-8.63,-8.55,-9.49,-6.81,-3.54,-4.63,-5.9,-6.02,-6.19,-6.63,-2.01,4.17,9.2,15.32,21.03,21.66,19.75,19.51,18.59,16.87,15.78,13.96,11.61,7.58,4.42,4.15,3.6,2.28,1.25,1.4,1.8,0.85,-0.95,-2.17,-0.07,3.98,7.12,10.6,11.93,11.35,13.22,14.6,14.25,13.47,11.9
