gfs.json
{"header": {"discipline":0,"disciplineName":"Meteorological products","gribEdition":2,"gribLength":135324,"center":7,"centerName":"US National Weather Service - NCEP(WMC)","subcenter":0,"refTime":"2014-01-13T12:00:00.000Z","significanceOfRT":1,"significanceOfRTName":"Start of forecast","productStatus":0,"productStatusName":"Operational products","productType":1,"productTypeName":"Forecast products","productDefinitionTemplate":0,"productDefinitionTemplateName":"Analysis/forecast at horizontal level/layer at a point in time","parameterCategory":2,"parameterCategoryName":"Momentum","parameterNumber":3,"parameterNumberName":"V-component_of_wind","parameterUnit":"m.s-1","genProcessType":2,"genProcessTypeName":"Forecast","forecastTime":3,"surface1Type":100,"surface1TypeName":"Isobaric surface","surface1Value":85000,"surface2Type":255,"surface2TypeName":"Missing","surface2Value":0,"gridDefinitionTemplate":0,"gridDefinitionTemplateName":"Latitude_Longitude","numberPoints":65160,"shape":6,"shapeName":"Earth spherical with radius of 6,371,229.0 m","gridUnits":"degrees","resolution":48,"winds":"true","scanMode":0,"nx":360,"ny":181,"basicAngle":0,"subDivisions":0,"lo1":0,"la1":90,"lo2":359,"la2":-90,"dx":1,"dy":1}, "data":
[rows 108 to 143 of 181, columns 81 to 161 of 360]
-7.44,-3.99,-1.38,-0.93,-0.5,0.02,0.77,1.4,1.64,1.82,1.8,1.88,2.28,2.71,2.89,2.91,3.06,3.16,3.25,3.4,3.61,4,4.56,4.68,4.28,4.26,4.57,4.49,4.22,4.52,5.94,6.68,5.87,5.88,6.35,6.44,4.85,3.01,3.16,3.26,4.37,6.99,6.59,3.47,2,1.81,-0.92,3.8,0.06,0.17,0.04,-0.83,-1.33,-5.4,-5.9,-3.99,-4.31,-4.28,-3,-0.77,-2.71,-2.12,-0.5,1.24,1.67,2.52,2.71,2.98,2.23,1.75,1.8,2.06,2.7,3.19,3.68,3.9,3.56,2.87,2.9,2.7,2.76
-8.74,-4.68,-2.28,-2.16,-1.88,-0.85,-0.19,0.69,1.02,1.14,1.35,1.42,1.75,2.16,2.38,2.5,2.81,3.37,3.88,4.21,4.32,4.45,4.71,5.01,5.1,5.11,5.09,4.99,5.14,6.12,7.82,8.09,7.13,6.72,5.81,5.09,3.64,1.7,0.74,6.33,8.41,4.43,-0.29,-3.6,-3.33,-4.57,-2.93,0.32,-2.21,-3.76,-0.2,-1.96,-3.26,-5.14,-4.52,-3.71,-3.85,-3.26,-1.61,-0.17,-3.28,-3.34,-1.11,0.44,0.55,0.71,1.99,3.05,3.86,3.94,4,4,3.71,2.72,3.46,3.9,3.38,3.29,3.11,2.49,2.07
-9.31,-5.18,-3.67,-3.49,-2.92,-1.94,-0.76,0.04,0.16,0.45,0.9,1.09,1.47,1.55,1.53,1.68,2.07,2.62,3.37,4.17,4.7,5.14,5.71,6.25,6.19,5.53,5.14,5.33,5.93,6.93,8.78,9.88,9.6,8.93,7.48,2.6,1.9,0.26,4.81,2.14,1.67,1.05,2.84,-1.6,0.83,-7.06,-0.2,-2.32,-2.19,-1.2,-4.86,-2.16,-4.04,-5.58,-5,-4.14,-3.34,-1.18,-1.71,-2.3,-1.34,-0.62,-0.19,-3.52,-1.81,-0.21,0.06,1.67,3.78,4.42,4.77,3.96,2.85,2.8,3.23,3.55,3.02,2.49,2.86,2.78,2.03
-9.1,-5.39,-4.95,-4.41,-3.13,-2.33,-1.25,-0.74,-0.49,-0.04,0.41,0.99,1.23,1.33,1.71,1.87,2.19,2.64,3.29,4.02,4.59,5.02,5.55,6.22,6.72,6.68,6.21,5.96,6.37,7.09,8.15,10.18,11.5,11.87,13.96,7.03,2.05,-0.36,0.84,-1.46,-0.14,0.16,2.46,2.88,3.02,-6.18,-1.08,-1.55,-5.83,-4.84,-6.8,-6.12,-4.64,-4.85,-5.72,-4.46,-2.33,-1.5,-1.16,-2.23,-2.73,-3,-1.25,-3.43,-2.73,-0.59,-0.83,-0.17,1.82,3.15,4.76,5.11,3.38,2.34,2.06,2.54,3.05,2.44,2.64,3.15,2.5
-8.82,-6.04,-5.88,-4.88,-3.67,-3.04,-2.16,-1.46,-0.76,0.03,0.46,0.9,1.08,1.35,1.42,1.34,1.58,2.12,2.87,3.7,4.39,4.93,5.43,6.07,6.68,7,7.2,7.24,7.42,8.07,8.77,9.71,12.33,12.74,13.01,14.22,0.49,-1.57,-1.75,-1.69,0.36,2.01,0.76,2.69,0.2,-4.42,-3.09,-3.62,-5.63,-1.22,-3.82,-4.33,-5.79,-5.4,-2.38,-4.95,-0.48,-4.24,-3.17,-3.57,-4,-3.18,-2.94,-4.91,-3.75,-1.48,-0.31,1.57,2.2,2.91,4.42,5.48,3.63,3.95,3.57,2.5,2.11,2.71,3.63,4.77,3.57
-8.93,-6.71,-4.94,-5.04,-4.83,-3.88,-3.11,-2.01,-1.03,-0.15,0.53,0.93,1.32,1.63,1.54,1.39,1.38,1.7,2.43,3.25,4.09,4.94,5.73,6.32,6.63,6.78,6.98,7.26,7.61,8.19,9.15,9.95,10.36,11.65,12.19,15.14,10.04,2.54,1.08,-0.5,-3.19,-0.22,-0.75,1.18,-4.4,-0.77,-1.52,-5.67,-4.58,-2.2,-4.99,-3.99,-2.65,-5,-7.29,-6.79,-4.63,-4.31,-3.49,-3.24,-4.3,-3.85,-3.47,-6.05,-5.07,-3.35,-0.21,3.08,2.74,2.12,4.9,5.5,2.69,2.75,3.52,2.91,2.03,2.5,3.1,3.29,2.69
-8.47,-5.48,-4.36,-5.59,-4.98,-4.03,-3.17,-2.33,-1.19,-0.11,0.75,1.18,1.52,1.79,1.84,1.65,1.83,2.41,2.89,3.28,3.82,4.4,4.96,5.55,6.15,6.66,6.81,6.88,7.17,7.71,8.46,9.19,8.85,8.79,11.55,12.71,14.98,-0.84,3.31,0.01,3.09,-6.21,-3.27,0.84,-4.31,-2.69,-3.84,-6.25,-7.54,1.18,-3.83,-5.9,-3.19,-2.8,-9.76,-9.78,-5.41,-6.7,-4.57,-4.67,-5,-6.65,-4.35,-3.88,-4.75,-4.18,-2.5,2.67,4.42,0.37,1.14,4.32,4.08,1.99,2.3,2.36,1.88,2.23,2.59,2.51,2.03
-7.43,-5.23,-4.13,-3.15,-4.07,-3.54,-2.6,-1.8,-1.04,-0.51,-0.08,0.55,1,1.3,1.21,1.16,1.5,2.46,3.43,3.73,4.09,4.46,4.96,5.49,5.96,6.33,6.6,6.65,6.74,7.34,8.29,8.59,8.41,6.97,8.54,8.55,14.03,11.91,7.66,2.8,3.51,-3.75,-4.99,-1.45,-1.21,-1.15,-5.43,-7.13,-5.91,-2.64,-6.2,-6.48,-4.94,-2.85,-6.31,-8.96,-6.43,-7.47,-6.7,-4.26,-2.17,-4.36,-6.74,-3.48,-4.13,-5.71,-6.7,-3.15,2.14,2,2.46,3.41,5.43,3.71,0.76,2.11,2.27,2.22,2.58,2.18,1.36
-7.24,-4.87,-5.33,-2.65,-2.11,-1.71,-0.93,0.09,0.7,0.92,1.32,1.52,1.73,1.84,1.76,1.73,2.09,2.69,3.98,5.28,5.93,6.15,6.12,5.98,6.06,6.18,6.23,6.44,6.88,7.33,8.09,8.8,8.42,8.07,6.21,7.42,8.87,18.38,8.28,3.39,0.91,1.92,-5.43,-5.21,-4.67,-0.87,-6.98,-8.86,-8.17,-6.08,-4.94,-8.06,-8.65,-6.74,-5.66,-7.42,-4.81,-6.96,-6.54,-5.6,-6.49,-5.75,-4.7,-3.96,-3.14,-4.3,-5.08,-3.38,-0.51,1.8,2.02,4.27,6.03,5.47,2.09,0.31,1.32,2.26,2.65,2.8,2.31
-3.68,-3.31,-4.34,-3.36,-2.25,-1.04,0.11,0.87,0.95,0.93,1.25,1.66,2.14,2.16,2.31,2.43,2.59,2.93,3.77,4.82,5.41,5.58,5.69,5.81,6.06,6.42,6.52,6.23,6.04,6.51,7.21,7.98,8.46,8.42,7.75,7.02,9.39,10.53,9.98,8.35,0.88,0.2,2.27,2.14,-9.9,-4.71,-4.53,-7.65,-9.23,-6.22,-4.17,-9.38,-11.72,-8.19,-7.56,-7.97,-6.64,-5.2,-6.15,-5.35,-7.65,-7.51,-4.59,-2.94,-3.12,-3.85,-4.18,-2.3,-0.79,0.33,2.03,3.82,6.04,6.75,4.55,2.65,1.04,1.21,0.99,1.44,2.34
-4.58,-4.51,-3.51,-2.13,-0.84,0.4,1.11,1.38,1.38,1.37,1.82,2.02,1.99,2.13,2.59,2.88,2.73,2.94,3.37,3.77,4.04,4.05,4.11,4.63,5.39,6.17,6.79,7.13,7.04,6.38,5.94,6.18,6.62,6.53,7.38,8.49,8.9,8.28,7.42,6.3,7.53,-1.96,0.5,3.88,-4.34,-5.49,-5.66,-5.98,-10.3,-6.22,-7.85,-6.95,-8.09,-7.73,-8.27,-10.52,-8.91,-7.53,-7.77,-5.4,-4.57,-9.06,-5.31,-3.48,-1.92,-3.89,-3.95,-3.32,-2.57,-1.09,0.76,1.42,3.97,6.49,4.37,3,3.27,2.79,1.5,0.58,1.52
-3.03,-1.42,-1.95,-1.44,-0.27,0.34,1.03,1.99,2.25,2.48,2.84,2.64,2.18,1.83,1.72,1.88,2.27,2.73,3.21,3.79,4.21,4.48,4.83,5.36,5.8,6.4,6.92,7.13,7.16,7.14,6.68,5.77,5.05,4.7,4.57,7.42,7.78,9.35,7.82,0.29,7.99,4.45,-2.39,0.23,-1.5,-1.12,-6.17,-6.06,-8.27,-8.83,-9.57,-8.47,-6.27,-6.18,-5.82,-10.68,-8.96,-6.29,-3.75,-2.48,-6.39,-9.41,-7.7,-3.76,-2.19,-3.68,-2.19,-3.03,-4.03,-2.44,1.77,2.58,3.2,4.17,3.78,2.07,2.42,3.04,2.8,2.37,2.37
-3.28,-1.37,-0.63,-0.11,0.34,1.41,1.75,2.05,2.02,2.38,2.56,2.18,1.69,1.21,0.66,0.63,1.25,2,2.59,3.27,3.97,4.48,4.85,5.46,6.11,6.72,7.6,8.5,8.89,7.81,6.87,6.5,5.6,4.15,2.38,2.69,6.3,7.37,9.44,4.05,6.52,3.96,2.49,-1.78,-1.06,-4.33,-3.89,-10.07,-6.12,-6.91,-8.6,-9.33,-8.51,-7.51,-5.72,-7.6,-11.06,-8.75,-5,-4.23,-7.52,-7.45,-8.27,-5.33,-2.51,-3.95,-2.78,-2.68,-5.91,-4.81,2.59,1.31,2.66,2.53,1.32,0.82,1.57,2.33,2.6,2.82,3.19
-2.36,-1.37,-0.77,-0.38,-0.28,-0.39,0.11,0.54,0.87,1.26,1.24,0.65,0.53,1.07,1.46,1.4,1.29,1.64,2.23,2.85,3.31,3.85,3.97,4.35,5.06,5.7,6.41,6.91,7.5,8.45,8.27,6.81,6.19,5.35,4.21,1.8,3.48,5.28,8.91,2.58,1.07,0.22,-2.1,-3.61,-1.95,-4.55,-4.1,-6.07,-6.44,-7.46,-6.25,-4.71,-3.32,-9.47,-8.94,-6.27,-8.42,-7.92,-8.97,-3.62,-5.78,-7.83,-11.26,-6.94,-5.69,-5.61,-2.97,-2.95,-4.62,-3.24,-0.12,-0.19,1.98,2.32,2.15,0.83,0.29,1.24,1.72,1.86,2.41
-1.31,-1.42,-1.39,-1.37,-1.28,-1.16,-0.98,-0.53,-0.18,0.04,-0.18,-0.57,-0.45,-0.1,0.33,0.94,1.57,2.27,2.5,2.63,2.72,2.93,3.06,3.6,4.52,5.13,5.37,5.65,5.45,5.92,7.14,7.43,6.61,6.09,5.53,3.43,2.24,3.99,0.82,-1.23,0.87,-5.58,-0.47,-5.01,-5.51,-2.02,-2.8,-5.69,-4.97,-5.4,-4.84,-3.78,-4.59,-6.22,-7.38,-7.43,-9.88,-5.46,-7.41,-6.13,-6.75,-8.13,-10.12,-7.83,-5.83,-4.59,-0.77,-0.97,-3.4,-1.79,0.55,0.77,1.88,2.02,1.72,2.09,1.78,1.84,1.37,1.65,2.27
1.51,1.06,0.28,-0.25,-0.57,-0.93,-1.04,-0.95,-0.73,-0.78,-0.82,-0.84,-0.88,-0.49,-0.34,0.79,1.31,1.76,2.42,2.97,2.71,2.64,2.76,3.56,4.38,4.71,5.12,5.65,5.49,3.89,3.77,5.21,6.62,6.69,6.16,3.89,-0.46,-1.16,-2.32,-1.66,1.73,-1.37,-7.06,-8.31,-3.37,0.15,-0.28,-3.75,-4.95,-6.03,-5.54,-3.87,-1.44,-1.86,-0.06,-6.08,-10.8,-6.91,-7.8,-6.07,-7.9,-7.46,-7.86,-8.19,-5.94,-3.87,-1.39,0.04,-1.02,-2.01,-0.27,1.66,1.85,2.01,1.46,1.16,1.4,1.81,2.05,2.46,2.69
1.26,1.24,1.17,0.03,-0.79,-1.14,-1.19,-1.25,-1.45,-1.36,-1.34,-1.58,-1.27,-0.58,-0.63,-0.26,0.81,1.33,1.18,1.87,1.54,1.25,1.96,3.25,3.88,3.93,4.43,5.13,5.45,4.37,2.64,2.46,4.25,6.01,6.41,5.04,2.47,0.5,-0.74,0.76,3.24,3.88,1.84,-6.23,-7.95,-5.3,-2.53,-1.04,-3.58,-5,-5.14,-4.67,-3.89,-2.83,-1.78,-5.5,-8.46,-6.52,-6.55,-7.57,-8.92,-7.11,-7.4,-7.76,-7.13,-5.23,-1.84,-1.94,0.46,-1.48,-2.53,1.41,1.65,1.61,1.28,1.04,1.04,1.24,1.71,2.35,2.76
4.39,3.87,2.16,1.62,1.71,0.83,-0.79,-1.71,-1.96,-1.97,-2.24,-1.6,-0.86,-0.94,-0.83,-0.12,0.58,0.4,0.36,0.57,-0.1,-0.06,0.72,2.09,3.45,3.88,3.91,3.92,3.87,3.58,2.99,1.86,1.99,3.42,4.76,4.61,3.22,3.38,1.05,0.87,2.49,1.71,0.58,-1.86,-4.65,-6.91,-4.36,-1.4,-1.24,-3.91,-5.37,-5.32,-5.2,-4.23,-5.17,-7.99,-7.26,-4.02,-6.28,-6.72,-8.18,-7.75,-6.81,-10.92,-9.08,-5.81,-4.66,-3.93,-1.5,-0.64,-3.04,0.04,0.5,0.72,0.99,1.12,1.5,2,2.7,3.16,3.65
4.22,4.59,4.83,3.52,1.41,0.53,0.48,0,-1.03,-2.1,-2.1,-1.99,-1.56,-1.43,-0.95,0.08,0.36,-0.68,-0.76,-0.4,-0.2,1.02,1.37,1.04,1.71,2.28,2.72,3.34,3.96,2.79,1.43,0.84,0.74,1.17,2.39,3.44,2.48,2.2,1.95,0.77,1.92,0.56,0.01,-0.93,-4.64,-6.13,-6.63,-3.73,-2.09,-3.56,-4.32,-4.93,-5.36,-5.68,-6.29,-8.31,-8.14,-6.66,-7.69,-7.65,-8.79,-8.29,-7.31,-9.67,-4.87,-3.5,-4.84,-1.32,-2.96,-1.07,-3.36,-1.36,-0.73,-0.37,0.33,0.91,1.49,1.97,2.31,3.27,4.5
3.11,3.4,3.72,4.39,4.59,3.1,0.4,-1.38,-1.8,-1.72,-1.94,-2.12,-2.37,-2.51,-2.25,-1.27,-1.43,-2.44,-2.56,-1.75,0.18,1.41,1.33,0.62,0.3,0.68,1.08,2.69,4.27,3.75,2.15,0.17,-0.67,-0.28,0.3,1.37,1.9,1.61,1.62,1.48,1.35,0.3,-1.58,-1.77,-5.1,-7.71,-9.05,-7.27,-4.03,-5.41,-5.32,-4.88,-4.78,-5.3,-7.18,-9.31,-9.61,-9.11,-9.15,-8.72,-7.75,-8.8,-10.82,-9.08,-6.57,-5.89,-2.18,-2.69,-1.3,-2.29,-4.02,-2.31,-1.55,-0.82,-0.15,0.52,1.11,1.7,2.23,3.07,4.32
3.98,3.2,2.91,2.83,2.66,2.92,3.22,2.29,0.06,-2.57,-4.05,-3.52,-2.62,-1.37,-1.27,-2.19,-2.96,-3.9,-4.16,-3.11,-0.61,0.48,0.11,-0.25,-0.53,-0.77,-0.56,1.42,3.7,3.52,2.27,0.58,-1.16,-1.83,-1.71,-0.38,0.76,1.46,1.92,1.62,1.75,0.98,-0.73,-2.69,-4.88,-7.24,-11.4,-11.7,-7.23,-7.17,-6.76,-6.05,-5.25,-4.52,-6.15,-10.14,-11.85,-11.56,-11.04,-9.1,-8.05,-10.14,-9.88,-7.96,-6.9,-3.35,-1.72,-0.64,-0.02,-1.93,-3.54,-2.69,-2.02,-1.03,0.06,0.69,0.77,0.89,1.49,2.74,4.22
6.2,5.48,4.38,3.04,2.91,3.16,3.34,2.17,2.34,1.1,-1.69,-4.08,-4.43,-3.26,-1.84,-2.92,-4.59,-5.3,-5.53,-4.24,-1.91,-1.45,-1.01,-0.62,-1.14,-1.53,-1,0.36,2.08,2.5,1.7,0.75,-0.22,-1.55,-2.81,-2.55,-1.38,0.4,1.09,1.68,1.62,1.3,0.41,-1.99,-4.04,-5.77,-8.37,-13.2,-10.83,-8.06,-7.53,-6.22,-5.41,-5.17,-6.22,-10.15,-13.57,-13.13,-12.83,-12.01,-9.13,-8.89,-9.18,-6.9,-4.26,-2.35,-1.06,-0.26,-1.26,-2.25,-3.14,-2.74,-1.65,-0.29,1.08,1.56,1.16,0.86,1.32,2.5,3.85
7.57,6.47,5.58,4.78,3.39,2.47,2.39,2.7,2.81,2.26,1.38,-0.8,-3.69,-5.44,-4.84,-4.26,-5.99,-6.92,-6.5,-5.02,-3.26,-3.48,-1.74,-0.13,-1.06,-1.96,-1.56,-0.57,0.39,1.04,1.01,0.42,0.37,-0.25,-1.41,-2.36,-2.89,-2.05,-0.93,0.16,1.51,1.39,1.18,-0.64,-2.75,-4.45,-6.04,-10.38,-12.82,-9.9,-8.53,-7.21,-5.94,-5.33,-6.34,-10,-14.28,-14.76,-13.6,-13.17,-10.45,-8.63,-8.06,-5.36,-3.64,-2.28,-0.37,-0.75,-2.33,-3.13,-3.1,-2.17,-0.56,0.81,1.84,2.27,1.72,1.13,1.26,2.04,2.89
8.98,8.33,7.39,6.39,5.3,4.09,2.1,0.59,0.88,1.35,0.85,-0.32,-2.32,-4.72,-7.14,-6.83,-6.96,-7.08,-7.93,-5.69,-4.4,-4.55,-1.69,-0.16,-0.7,-1.01,-0.95,-0.62,-0.13,0.1,0.04,0.02,0.39,0.15,-0.67,-1.39,-2.06,-2.55,-2.5,-2.42,-0.87,0.28,0.73,0.64,-1.52,-3.01,-4.86,-7.33,-12.16,-12.75,-10.78,-8.63,-6.92,-6.21,-6.72,-9.4,-13.66,-15.45,-14.02,-12.29,-10.67,-8.63,-7.1,-6.02,-4.57,-2.79,-1.2,-1.94,-2.82,-3.2,-2.67,-1.39,0.39,1.45,1.78,2.25,2.41,2.16,2.38,3.39,4.36
9.13,8.49,8.14,7.73,7.29,6.09,4.34,2.66,1.1,0.11,0.01,-0.5,-2.6,-5.7,-8.61,-9.67,-8.83,-8.94,-9.09,-6.05,-5.75,-4.63,-2,-1.34,-1.25,-1.03,-0.83,-0.6,-0.49,-0.47,-0.43,-0.45,-0.62,-0.9,-1.15,-1.18,-1.35,-1.87,-2.3,-2.94,-3.11,-1.96,-1.26,-0.11,-0.39,-2.3,-3.93,-5.77,-9.16,-13.21,-12.38,-9.97,-7.92,-7.56,-8.12,-9.65,-12.35,-14.41,-13.8,-11.67,-9.95,-8.73,-7.63,-6.31,-4.76,-2.52,-1.63,-1.04,-3.34,-3.74,-2.82,-1.19,0.29,0.86,0.96,1.68,2.59,3.31,4.15,4.66,4.6
8.67,8.41,8.32,7.92,7.31,6.83,5.84,4.16,2.49,0.44,-0.47,-0.57,-2.15,-5.61,-9.53,-11.58,-11.05,-10.57,-9.87,-8.15,-6.94,-3.94,-1.88,-1.19,-1,-1.08,-1.18,-0.77,-0.54,-0.38,-0.39,-0.62,-1.03,-1.49,-1.74,-1.59,-0.89,-0.7,-1.45,-2.57,-3.56,-3.6,-3.24,-2.31,-0.86,-1.48,-3.78,-5.45,-6.61,-10.99,-13.57,-11.43,-9.2,-9.2,-9.81,-10.74,-11.66,-12.41,-12.29,-11.23,-9.95,-8.89,-7.64,-6.16,-4.5,-2.98,-2.37,-1.95,-2.73,-4.04,-3.3,-0.99,0.37,0.27,0.25,1.31,2.58,3.75,4.8,5.54,6.16
7.9,7.11,6.59,6.22,5.8,5.38,5.28,4.68,3.36,2.45,0.65,-0.63,-1.94,-5.08,-9.93,-12.94,-11.87,-10.73,-10.23,-8.54,-6.65,-4.52,-2.34,-1.07,-1.03,-1.04,-1.26,-1.22,-1.03,-0.76,-0.87,-1.38,-1.89,-2.33,-2.68,-2.49,-1.89,-1.13,-1.1,-1.77,-3.18,-4.15,-4.29,-4.1,-2.56,-1.53,-3.45,-6.06,-6.97,-8.78,-13.23,-13.02,-10.71,-10.75,-11.64,-11.92,-12.22,-12.22,-11.64,-10.73,-9.52,-8.07,-6.55,-5.38,-4.69,-4.29,-3.55,-2.96,-2.75,-2.63,-1.17,0.41,0.43,-0.34,-0.52,0.84,3.24,5.5,6.67,6.83,6.69
7.62,6.94,5.59,4.05,3.54,3.56,4.08,4.69,4.28,1.29,0.26,-0.26,-2.94,-6.66,-10.08,-12.88,-11.84,-9.9,-7.96,-7.55,-6.8,-4.53,-1.5,-0.75,-0.89,-0.74,-1.13,-0.97,-0.95,-1.29,-1.68,-1.91,-2.39,-2.86,-2.99,-2.87,-2.7,-2.37,-2.09,-2.1,-2.75,-4.34,-5.12,-5.45,-4.52,-2.87,-3.15,-6.23,-7.77,-8.62,-12.23,-13.57,-11.93,-12.03,-12.78,-13.13,-12.81,-12.41,-11.42,-9.78,-8.08,-6.62,-5.42,-4.66,-4.46,-4.1,-3.28,-2.71,-2.15,-1.14,0.22,1.14,1,0.42,0.6,2.3,5.08,7.13,7.63,7.34,7.2
8.15,7.41,6.38,4.3,2.91,2.72,3.3,3.7,2.65,-0.04,-0.2,-0.62,-4.36,-9.13,-11.88,-14.54,-12.52,-9.61,-7.53,-7.31,-5.46,-2.21,-1.42,-1.32,-0.64,-0.49,-0.84,-1.02,-0.94,-0.98,-1.36,-2.04,-2.82,-3.15,-3.41,-3.6,-3.65,-3.7,-3.68,-3.49,-3.31,-4,-5.33,-6.33,-6.57,-4.94,-3.64,-5.14,-8.19,-9.3,-11.5,-14.07,-12.9,-12.6,-13.32,-13.89,-13.56,-12.27,-10.81,-8.98,-6.88,-5.25,-4.25,-3.69,-3.53,-3.62,-3.34,-2.6,-1.63,-0.39,0.75,1.58,1.15,2.03,2.91,4.35,6.68,8.13,8.52,8.41,8.32
7.91,6.71,5.41,4.08,3.1,2.46,2.2,1.73,0.25,-0.86,-1.06,-2.58,-6.08,-11.66,-13.75,-13.29,-10.89,-9.97,-8.86,-5.56,-2.45,-2.03,-1.75,-1.04,-0.56,-0.33,-0.22,-0.26,-0.47,-0.8,-1.35,-2.36,-3.01,-3.52,-3.91,-4.09,-4.53,-5.09,-5.42,-5.26,-4.79,-4.45,-5.2,-6.55,-7.75,-7.53,-5.35,-4.25,-6.74,-9.82,-11.6,-13.74,-14.18,-12.39,-13.37,-13.54,-13.18,-12.24,-10.14,-8.4,-6.9,-5.44,-4.13,-2.86,-1.99,-1.79,-1.96,-2.44,-2.04,-0.52,1.13,2.56,3.17,4.24,5.95,6.52,6.59,7.39,8.33,8.4,8.51
7.12,6.11,5.42,4.2,2.89,1.64,0.17,-0.74,-0.34,-1.55,-3.67,-5.63,-8.49,-14.3,-14.68,-13.34,-11.51,-7.84,-4,-2.53,-2.41,-1.93,-1.08,-0.32,0.33,0.89,1.32,1.46,1.24,0.65,-0.5,-1.96,-3.39,-4.24,-4.52,-4.61,-4.93,-5.78,-6.62,-6.73,-6.25,-5.53,-5.51,-6.85,-8.37,-9.18,-7.96,-5.3,-4.87,-7.8,-10.18,-13.15,-14.75,-13.25,-11.99,-12.67,-12.09,-11.14,-10.15,-8.32,-7.38,-6.4,-4.4,-2.44,-1.2,-1.33,-2.43,-3,-2.61,-1.3,0.66,2.73,3.93,5.35,5.66,5.79,6.7,7.87,8.55,9.28,9.78
6.14,4.84,4.59,3.55,1.4,-0.76,-1.68,-2.8,-5.01,-5.85,-6.12,-9.08,-13.68,-14.54,-10.87,-6.93,-3.68,-2.28,-2.41,-2.45,-1.53,-0.28,0.7,1.36,1.94,2.35,2.63,2.68,2.57,2.09,1.21,-0.31,-2.18,-3.6,-4.41,-4.41,-4.52,-5.52,-6.61,-7.22,-7.3,-6.83,-6.37,-6.86,-8.22,-9.45,-9.44,-7.62,-5.71,-6.17,-8.01,-10.03,-15.07,-15.06,-13.22,-11.84,-11.57,-11.19,-9.88,-8.92,-7.6,-5.85,-3.68,-1.92,-0.97,-1.39,-2.37,-2.62,-1.68,0.12,2.01,2.71,3.66,4.61,5.85,6.6,7.28,8.21,9.36,10.31,11.39
5.35,3.7,1.08,-2.4,-4.31,-4.56,-4.95,-4.58,-4.3,-4.72,-4.4,-2.61,-0.85,-0.67,-1.02,-1.45,-2.05,-2.37,-2.03,-1.07,0,0.93,1.79,2.48,2.89,3.31,4.18,5.11,5.29,4.01,1.64,-0.14,-1.44,-3.23,-4.44,-4.73,-5.14,-5.98,-7.26,-8.32,-8.39,-7.54,-6.76,-6.86,-7.77,-9.13,-10.27,-9.7,-8.31,-7.28,-8.19,-9.19,-11.26,-16.34,-15.63,-13.44,-11.32,-11.38,-11.49,-9.76,-7.51,-5.14,-3.2,-1.97,-1.59,-1.53,-1.31,-1.28,-1.18,-0.4,0.08,0.91,3.26,5.26,5.71,6.28,7.49,9.24,10.64,11.93,13.02
5.95,4.52,4.25,4.99,4.38,3.44,2.91,2.69,2.41,2.13,1.57,0.74,-0.19,-1.02,-1.66,-1.8,-1.41,-0.85,-0.4,0.11,0.95,1.97,2.64,3.03,3.63,4.66,6.02,6.26,5.29,4.22,1.83,-0.89,-2.48,-3.95,-5.05,-6.49,-6.93,-7.06,-7.82,-8.18,-7.34,-6.29,-6.02,-6.52,-7.77,-9.58,-10.98,-10.71,-9.75,-8.82,-7.98,-8.72,-9.97,-11.32,-16.5,-16.82,-14.43,-13.13,-12.25,-10.58,-7.92,-5.46,-3.58,-1.91,-1.11,-1.74,-2.42,-2.34,-2.33,-2.27,-0.38,2.33,4.01,5.06,6.1,7.39,9,11.33,12.28,13.13,13.88
7.84,6.49,4.95,3.8,3.16,2.58,2.36,2.44,2.3,1.92,1.71,1.54,1.14,0.57,0.02,-0.28,-0.18,-0.16,-0.01,0.55,1.15,1.87,3.05,4.57,6.43,8.97,10.44,8.65,4.81,1.89,-0.27,-1.33,-1.16,-6.15,-8.93,-8.18,-8.1,-7.73,-7.34,-6.97,-5.65,-4.64,-5.08,-7.46,-9.89,-11.07,-11.55,-10.82,-9.39,-8.73,-8.98,-9.16,-11.75,-12.93,-12.34,-15.71,-16.05,-14.85,-13.02,-10.61,-8.8,-6.83,-5.4,-5.24,-4.85,-5.06,-4.61,-3.73,-2.57,-0.41,1.1,1.9,3.47,5.82,7.62,9.18,10.78,11.8,12.46,13.16,14.01
7.55,6.39,5.23,4.38,4.12,4.08,4.13,4.65,5.25,4.87,3.71,2.63,1.68,0.72,-0.01,-0.1,0.5,0.86,0.83,0.93,1.76,3.97,6.4,7.53,9.22,11.42,9.65,5.59,2.78,1.21,0.12,-0.8,-1.67,-5.64,-9.03,-8.54,-7.79,-7.42,-6.91,-5.73,-4.66,-4.84,-6.83,-9.89,-12.18,-13.33,-13.24,-12.16,-10.95,-10.13,-9.96,-10.17,-11.15,-13.61,-13.61,-13.73,-16.09,-15.79,-14.38,-11.82,-9.64,-8.68,-8.67,-7.97,-6.6,-5.44,-3.65,-1.86,-0.61,-0.09,0.5,1.81,4.08,6.9,9.4,10.76,11.41,11.78,12.45,13.15,14.31
