gfs.json
{"header": {"discipline":0,"disciplineName":"Meteorological products","gribEdition":2,"gribLength":132662,"center":7,"centerName":"US National Weather Service - NCEP(WMC)","subcenter":0,"refTime":"2014-03-04T06:00:00.000Z","significanceOfRT":1,"significanceOfRTName":"Start of forecast","productStatus":0,"productStatusName":"Operational products","productType":1,"productTypeName":"Forecast products","productDefinitionTemplate":0,"productDefinitionTemplateName":"Analysis/forecast at horizontal level/layer at a point in time","parameterCategory":2,"parameterCategoryName":"Momentum","parameterNumber":2,"parameterNumberName":"U-component_of_wind","parameterUnit":"m.s-1","genProcessType":2,"genProcessTypeName":"Forecast","forecastTime":9,"surface1Type":100,"surface1TypeName":"Isobaric surface","surface1Value":50000,"surface2Type":255,"surface2TypeName":"Missing","surface2Value":0,"gridDefinitionTemplate":0,"gridDefinitionTemplateName":"Latitude_Longitude","numberPoints":65160,"shape":6,"shapeName":"Earth spherical with radius of 6,371,229.0 m","gridUnits":"degrees","resolution":48,"winds":"true","scanMode":0,"nx":360,"ny":181,"basicAngle":0,"subDivisions":0,"lo1":0,"la1":90,"lo2":359,"la2":-90,"dx":1,"dy":1}, "data":
[rows 35 to 69 of 181, columns 0 to 79 of 360]
9.98,8.37,7.42,4.93,2.44,1.45,1.92,1.68,0.76,0.4,-1.56,-3,-4.71,-6.12,-7.38,-9.76,-12.33,-13.6,-12.83,-11.77,-11,-10.07,-8.87,-7.66,-6.85,-6.68,-6.47,-6.12,-5.82,-5.28,-4.15,-2.71,-1.77,-1.5,-1.96,-2.83,-2.96,-1.49,0.33,0.37,1.07,3.65,4.54,4.2,5.13,4.77,2.97,3.43,5.65,6.91,7.15,7.57,8.62,9.84,11.08,12.25,13.19,13.55,13.43,13.32,13.05,12.69,12.79,12.27,11.15,10.26,9.37,9.21,9.34,9.44,10.01,10.24,9.59,8.57,7.83,7.38,7.06,6.74,6.64,7.07
10.43,8.9,7.92,5.37,2.88,1.78,2.09,2.7,2.5,2.21,0.3,-1.67,-3.53,-5.58,-8.57,-12.65,-16.03,-18.37,-18.82,-17.56,-15.13,-12.87,-11.2,-9.89,-8.88,-7.87,-7,-6.79,-6.74,-6.27,-5.32,-4.37,-3.12,-1.31,0.67,2.85,5.25,7.09,7.91,7.61,6.97,6.27,7.28,7.21,7.41,8.33,6.09,3.23,2.85,4.26,5.1,5.18,5.69,6.02,6.15,6.61,7.15,7.43,7.77,8.4,9.01,9.44,9.63,9.64,9.13,8.32,7.74,7.72,6.87,6.77,7.75,6.76,5.53,5.04,4.92,5.19,5.91,6.67,6.98,7.09
10.9,9.68,8.56,6.43,3.8,2.29,3.15,3.95,2.89,2.98,1.86,-0.13,-1.36,-2.81,-4.65,-6.97,-8.84,-10.05,-12.34,-14.72,-15.69,-14.55,-12.17,-8.93,-5.6,-2.31,1.1,4.32,7.53,10.51,12.76,13.72,13.82,13.51,13.56,14.08,15.04,15.95,16.58,16.14,14.69,12.1,11.04,9.47,7.11,5.45,6.56,6.4,3.86,2.41,2.99,4.05,4.7,4.85,5.07,5.69,6.44,6.76,6.95,7.29,7.56,7.42,7.22,7.38,7.52,7.35,7.11,7.11,6.26,6.37,6.55,4.95,3.72,3.31,3.33,4.17,5.4,6.22,6.25,5.96
9.96,9.95,9.29,7.7,5.66,3.96,4.28,4.79,2.6,1.85,1.87,1.39,1.08,0.3,-0.91,-3.17,-4.05,-5.66,-8.19,-8.2,-6.53,-5.22,-4.23,-2.1,0.22,2.29,4.35,6.66,9.06,11.24,13.1,14.56,15.52,16.08,16.49,16.95,17.42,17.83,18.36,18.81,18.34,17.33,15.21,13.41,12.21,10.27,8.45,6.89,5.69,5.63,5.02,5.02,6.14,6.58,6.26,5.94,6.37,7.4,8.19,8.31,8.33,7.9,7.23,6.77,6.65,6.34,6.32,6.74,6.43,6.25,5.95,4.56,3.87,3.92,4.25,4.57,4.76,4.68,4.35,3.99
8.79,9.77,9.68,8.32,6.76,6.24,5.28,3.97,2.06,1.17,1.11,0.46,-0.73,-0.81,1,0.75,-0.2,-1.73,-2.03,-0.42,-0.62,-2.07,-2.53,-0.44,1.14,2.51,3.64,4.62,5.86,7.58,9.32,10.69,11.4,11.56,11.38,11.17,11.74,12.55,13.29,14.2,14.61,14.39,13.57,12.34,11.31,10.07,9.31,8.6,6.7,5.82,5.19,3.72,4.8,5.96,6.26,6.78,7.91,8.95,9.08,8.08,7.39,6.99,6.41,5.52,4.81,4.55,4.78,5.26,5,4.55,3.63,3,3.15,3.6,4.15,4.3,3.98,3.22,2.71,2.28
8.71,9.39,9.3,7.79,6.66,6.93,4.79,2.51,1.02,0.57,0.3,-0.68,-3.61,-4.59,-2.65,0.48,4.26,6.34,8.45,7.7,3.97,0.69,-1.63,-1.08,0.39,2.04,2.22,3.23,4.13,4.38,4.93,5.59,6.19,6.48,6.64,6.71,6.58,6.7,7.48,8.69,9.76,10.3,10.12,9.86,9.54,8.65,8.51,8.82,8.1,7.2,8.41,7.23,4.77,5.07,5.36,6.47,7.84,7.95,7.51,6.72,5.83,5.08,4.75,3.81,2.87,2.4,2.21,2.3,2.91,3.27,2.81,1.9,2.35,3.64,4.72,5.16,4.98,4.23,3.48,2.81
10.82,9.4,8.63,6.51,6.47,6.45,3.49,1.25,0.63,0.2,-0.02,1.06,3,5.68,8.57,11.08,11.46,9.35,6.81,5.87,2.34,0.64,-1.76,-2.22,-1.92,0.2,0.91,-0.1,-0.74,-0.27,0.38,-0.2,-0.47,-0.33,-0.19,-0.23,-0.3,0.27,1.25,2.05,2.65,3.09,3.74,4.34,4.85,5.22,6.33,7.2,7.84,8.25,8.63,8.32,6.09,5.4,5.35,5.69,5.68,4.53,4.25,4.52,4.28,3.79,3.21,1.78,0.96,1.1,2.11,3.46,4.22,4.06,3.94,3.53,2.65,2.97,4.05,5.03,5.52,5.76,5.57,5.4
13.46,9.94,8.12,5.41,5.74,5.25,3.27,0.9,-0.08,-0.87,-1.88,-1.13,1.38,3.52,4.45,5.33,5.05,4.11,2.67,1.59,0.95,0.37,-1.47,-3.41,-3.44,-4.39,-1.1,-2.55,-4.11,-3.45,-4.96,-7.35,-7.84,-8.1,-8.16,-7.35,-6.23,-4.73,-2.58,-0.84,-0.52,-0.3,0.1,0.66,1.37,2.79,4.38,5.52,6.84,7.75,7.47,6.71,5.83,5.57,5.53,4.65,3.81,3.68,3.48,2.96,2.71,2.5,2.24,0.89,0.92,2.41,3.92,4.54,4.5,4.51,4.62,4.57,3.69,2.62,2.41,2.68,3.32,3.9,5.15,6.38
16.39,11.16,8.47,4.51,4.64,4.21,2,0.51,-1.23,-5.45,-6.37,-4.12,-2.76,-2.65,-1.24,0.13,-0.08,-0.4,-0.64,0.07,1.43,0.72,-0.26,-2.45,-2.43,-2.87,-3.48,-6.06,-5.97,-6.59,-9.88,-12.37,-12.91,-13.07,-12.67,-11.71,-10.05,-7.34,-5.86,-5.27,-3.79,-3.35,-2.55,-0.55,0.16,0.2,0.81,1.76,2.92,3.72,4.29,5,5.6,5.98,6.27,5.5,3.87,4.26,4.68,3.26,2.44,2.38,2.82,3.15,3.14,3.77,4.1,3.49,3.4,3.48,3.23,2.51,1.82,1.15,0.83,0.94,1.28,2.17,3.23,4.63
18.04,12.63,8.86,4.56,3.9,3.7,3.47,0.35,-2.12,-5.34,-9.44,-9.79,-12.73,-12.39,-9.66,-8.49,-7.04,-6.34,-4.2,-2.26,-0.72,0.61,0.55,-0.46,-1.43,-1.48,-1.45,-5.59,-6.52,-6.65,-9.59,-12.37,-13.28,-13.95,-14.08,-12.6,-10.38,-8.46,-5.65,-3.98,-3.87,-4.89,-5.18,-4.38,-2.72,-0.28,2.05,3.42,4.06,4.1,4.17,4.9,5.67,6.11,6.68,7.09,5.78,4.07,4.61,4.38,3.58,3.51,4.03,5.16,5.4,4.95,4.78,5.49,5.42,3.26,1.67,1.25,1.21,1.39,1.98,2.7,3.23,3.54,3.97,4.05
19.31,13.79,9.95,4.27,4.17,4.49,1.95,-1.08,-5.22,-7.38,-12.41,-13.38,-12.21,-11.67,-11.89,-10.67,-8,-6.69,-6.46,-4.93,-1.69,1.21,2.2,-0.64,-1.64,-2.12,-1.96,-3.04,-4.57,-4.6,-5.54,-7.59,-6.69,-5.72,-3.71,-1.61,-0.46,-0.27,-1.28,-0.54,0.81,1.1,0.69,1.05,1.59,2.45,3.33,3.3,2.56,2.22,2.46,3.46,5.07,6.28,6.83,7.41,7.73,5.89,4.15,4.21,4.5,5.13,5.68,6.29,7.45,8.06,7.09,6.17,5.3,4.33,2.57,1.39,1.44,1.9,2.41,2.81,3.47,4.39,5,6.07
18.64,13.76,9.98,3.18,3.6,2.03,0.07,-1.61,-5.8,-9.46,-12.83,-10.37,-8.98,-7.63,-5.35,-10.4,-12.59,-7.83,-3.8,-2.85,-0.52,1.23,4.28,2.06,-2.47,-4.21,-5.39,-4.92,-3.21,-1.9,-0.61,1.08,2.86,3.38,4.46,5.94,5.5,6.09,5.11,1.71,1.65,2.19,2.6,2.51,3.49,5.62,5.91,5.97,6.64,6.66,6.15,4.98,4.37,5.33,6.62,7.27,7.95,7.42,5.37,4.34,4.49,5.58,7.15,7.33,7.19,7.12,6.24,5.42,4.94,4.6,4.62,4.88,5.94,7.02,7.56,7.85,7.67,7.48,8.66,8.98
16.4,13.91,9.77,2.58,3.01,-0.47,-1.65,-2.53,-4.45,-10.64,-7.89,-7.77,-8.3,-5.67,-2.02,-2.54,-8.69,-10.79,-6.23,-1.29,3.45,7.12,4.91,5.35,3.31,-2.3,-4.55,-6.34,-7.74,-7.25,-5.67,-3.49,-0.95,0.12,0.73,2.65,3.93,3.83,4.61,3.56,3.15,4.69,2.07,0.49,4.51,5.49,6.71,7.85,10.18,10.71,9.51,8.33,6.35,5.54,6,6.92,7.38,7.34,6.28,5.2,4.5,4.89,5.47,4.51,4.63,4.62,4.44,4.16,4.27,3.67,3.75,2.92,5.15,6.81,8.26,9.29,9.08,6.3,4.27,7.13
15.07,14.36,8.18,6.8,7.32,2.31,-0.45,0.18,-4.41,-4.44,-2.25,-4.35,-3.89,-2.86,-0.89,-0.45,0.17,-4.82,-4.45,-2.54,1.48,1.26,2.12,4.67,7.13,7.02,6.48,6.78,6,3.92,2.42,1.74,1.51,0.91,0.63,0.92,4.09,5.26,6.51,5.26,5.21,6.65,2.6,3.43,6.57,6.52,4.76,6.55,6.5,8.3,9.62,9.8,9.05,6.63,5.93,6.16,6.46,6.66,6.07,5.18,4.16,3.39,2.98,2.96,2.61,1.57,1.6,0.84,-1.47,-2.23,-2.32,-1.21,2.26,5.42,2.83,3.41,3.31,5.01,6.21,5.5
11.41,13.21,12.37,8.99,5.27,4.9,4.04,3.54,1.66,1.05,0.43,-0.45,0.81,1.32,1.75,1.03,1.37,1.46,-1.4,-6.28,-2.33,5.2,3.52,7.22,7.52,10.11,13.08,13.8,14.73,15.22,15.14,14.1,11.07,8.84,8.68,8.06,6.98,4.93,9.44,10.28,10.76,8.38,10.35,14.16,12.8,7.61,5.79,6.68,4.95,6.47,8.75,10.9,11.14,10.1,6.81,5.95,5.84,5.91,5.7,5.53,4.17,2.08,1.61,1.8,1.86,-0.23,-3.7,-4.57,-2.32,0.3,4.06,2.62,4.77,6.56,5.67,3.35,3.46,3,3.53,4.65
10.72,13.22,15.87,14.53,8.33,3.28,3.65,2.38,3.62,3.53,8.52,8.17,5.48,5.72,6.12,6.5,5.95,6.97,3.84,0.7,-1.35,2.19,6.63,8.7,10.96,12.09,12.5,14.5,16.93,19.73,21.29,20.14,19.3,15.81,14.01,14.33,12.99,11.04,13.01,13.54,11.26,13.48,13.59,13.15,11.87,10.63,13.16,8.81,7.54,9.44,8.71,10.89,11.15,11.13,9.34,6.63,6.07,6.48,7.11,6.83,4.9,2.4,0.55,-0.34,-0.64,-2.61,-1.84,-0.88,-1.25,1.61,0.87,4.39,3.12,0.93,2.27,3.59,9.06,9.01,9.27,9.45
12.38,13.99,16.36,18.23,15.44,5.47,4.65,5.64,9.68,15.63,17.49,15.34,11.98,12.08,11.69,11.19,11.3,10.62,9.73,5.31,3.91,4.49,8.45,10.79,13.01,14.24,15.07,15.42,16.42,18.6,21.04,23.5,25.09,23.77,21.74,18.56,15.47,13.94,11.73,15.39,14.78,13.63,13.69,14.07,15.03,14.75,13.3,12.19,13.09,9.46,9.18,9.74,12.25,11.17,11.19,8.65,6.81,7.48,8.18,9.08,7.4,4.12,1.68,0.44,0.85,1.88,0.07,-2.19,0.05,4.1,7.69,8.14,3.23,2.77,1.25,2.65,7.52,7,5.89,6.92
12.91,14.04,18.38,19.73,22.66,20.08,15.66,17.01,20.4,20.34,17.71,17.5,16.37,14.87,12.88,11.41,11.32,11.27,12.17,11.96,11.71,10.99,12.92,14.95,16.91,16.36,16.37,17.37,17.79,19.29,21.11,21.71,22.48,24.85,25.8,26.14,24.97,24.2,20.88,18.15,16.51,14.81,14.57,16.76,21.01,21.18,19.66,17.27,15.26,12.4,12.75,11.03,11.27,12.12,11.35,10.9,8.32,7.05,9.2,10.33,10,6.98,4.39,3.5,2.55,2.07,4.37,8.38,9.91,9.53,10.57,11.92,4.99,3.48,6.06,5.02,3.31,1.43,1.27,2.17
15.03,14.89,18.04,21.22,22.74,22.23,25.36,24.6,20.07,19.38,19.43,17.68,16.58,17.12,15.83,12.55,12.7,13.75,13.45,15.97,16.92,14.59,15.59,20.97,18.45,17.5,18,19.5,19.5,20.27,22.7,22.04,22.81,24.88,25.57,27.78,28.68,28.11,26.62,25.2,24.26,23.14,19.41,12.54,15.55,22.56,22.56,19.73,16.67,15.48,13.91,13.47,10.66,9.86,10.56,11.22,9.3,7.92,9.02,9.79,11.2,10.63,8.44,7.22,8.07,8.94,12.39,15.24,14.57,12.76,10.38,6.14,1.71,2.1,2.11,2.17,4.54,4.35,4.82,6.94
15.95,17.02,18.31,22.8,26.45,26.11,22.67,22.12,20.9,20.61,18.78,16.98,19.55,17.85,14.02,14.51,14.17,13.89,15.22,18.52,19.64,15.94,16.65,19.8,18.36,19.42,20.01,20.15,20.04,20.4,21.77,21.9,22.76,23.4,23.91,25.04,25.7,25.41,26.27,26.48,25.89,26.89,25.92,25.48,21.43,18.98,23.06,24.72,20.16,16.57,15.94,15.87,12.05,9.59,9.08,11.03,10.02,9.52,8.79,10.4,11.18,11.14,11.13,11.21,11.76,12.94,15.52,16.99,11.43,8.42,2.09,2.48,2.13,2.76,0.86,2.96,3.07,3.98,10.81,7.69
15.66,17.82,18.6,22.42,25.41,30.01,30.67,25.3,25.43,24.96,20.46,15.59,18.46,15.29,15.84,16.26,15.32,16.06,18.89,21.64,22.76,19.69,19.82,21.05,22.7,22.43,21.65,21.19,20.11,20.05,20.86,21.02,21.29,21.04,21.95,22.91,22.51,23.19,24.24,24.99,25.17,26.44,26.01,25.48,24.05,23.32,24.39,25.31,20.11,16.89,17.4,15.72,16.81,14.89,13.08,12.4,11.73,10.94,9.03,9.83,11.12,10.37,13.27,13.02,12.51,11.41,14.32,13.61,11.34,7.5,5.8,7.27,8.36,7.09,4.76,6.38,7.24,5.35,3.64,7.78
14.8,17.19,18.21,20.34,23.37,27.46,30.33,29.94,28.64,23.2,22.36,20.85,19.02,18.41,17.82,17.4,18.54,22.01,25.71,27.61,26.93,23.22,23.74,24.51,24.73,23.89,21.88,20.51,20.14,19.8,19.57,19.68,19.93,19.88,20.69,21.48,21.53,21.81,22.73,24.28,25.55,24.76,23.79,24.93,24.76,22.84,22.66,23.96,22.16,21.38,14.52,16.19,13.74,13.92,13.15,12.89,11.88,11.19,10.44,9.97,9.9,10.4,12.7,13.01,12.31,9.79,10.54,10.62,10.49,9.6,6.79,4.65,5.88,6.3,6.87,5.79,3.37,5.22,5.93,5.42
14.3,16.28,16.54,20.15,23.52,27.15,30.77,32.31,32.96,34.41,34.22,32.77,30.91,28.94,28.94,29.76,31.42,32.72,32.19,30.24,27.24,25.89,25.53,25.01,24,22.12,20.73,20.55,20.24,20.06,19.95,19.79,19.83,19.78,20.02,20.33,20.36,20.59,21.82,22.85,22.81,23.66,23.46,23.8,23.58,23.22,24.15,24.9,23.42,23.77,20.55,12.88,12.53,12.29,12.15,12.57,11.29,11.25,12.09,11.45,11.97,9.33,11.1,11.11,9.74,8.95,8.82,9.37,8.22,9.89,8.11,8.96,7.55,6.59,7.15,6.85,4.66,4.38,5.43,5.11
15.19,16.4,16.93,18.84,22.48,25.46,28.72,31.26,33.25,35.37,37.34,38.56,39.48,39.75,39.02,38.59,36.72,34.23,31.55,29.2,27.09,25.04,25.2,23.86,21.84,21.81,22.27,21.9,21.51,21.82,22.09,21.85,20.95,20.8,20.32,19.97,19.24,19.9,21.02,21.46,21.71,21.41,21.9,22.19,22.19,23.96,24.04,24.84,25.39,26.07,23.44,16.91,13.25,11.85,11.01,11.49,11.72,10.76,12.48,11.89,14.42,10.48,11.28,9.61,9.47,9.11,10.83,10.52,10.47,9.28,9.84,8,10.13,8.04,8.48,6.94,5.51,5.97,2.44,5.84
15.61,15.97,16.74,18.06,21.03,24.1,27.66,30.77,33.26,35.27,37.52,38.97,39.17,39.1,39.17,37.76,34.75,30.52,29.12,26.62,24.45,24.89,24.09,22.93,23.3,23.76,23.71,23.49,23.44,23.48,23.01,22.84,22.16,21.16,20.32,20.49,19.8,20.36,20.78,20.04,19.94,20.11,19.35,19.58,20.29,21.59,21.54,23.7,24.22,24.44,23.27,17.07,11.9,13.59,11.73,10.8,12.02,10.34,11.9,11.41,14.14,12.26,13.64,13.73,12.6,11.99,12.7,13.44,13.58,11.75,13.53,13.93,13.8,10.02,9.17,8.81,9.57,8.21,7.42,4.21
15.09,15.97,16.72,17.22,19.76,22.57,25.47,27.99,30.19,32.28,33.92,34.75,35.25,34.67,33.01,30.98,29.09,28.31,27.22,24.98,25.13,24.54,23.99,24.29,25.07,24.68,24.57,24.53,24.96,24.41,24,22.51,22.76,21.12,21.64,20.06,20.31,20.44,19.41,19.27,18.73,19.01,18.03,16.91,18.6,19.67,20.48,21.07,22,21.74,22.08,20.45,15.95,15.47,13.58,11.6,10.7,11.92,9.48,11.15,12.48,12.35,13.21,14.39,15.69,15.56,16.91,18.59,16.37,13.82,14.14,13.86,13.19,10.36,10.78,10.02,9.6,8.47,8.48,7.82
14.22,15.47,17.1,18.02,19.62,22.21,25.01,27.08,28.13,29.03,29.58,28.95,27.43,26.36,26.66,27.25,27.88,27.15,26.52,25.45,25.07,24.6,24.42,24.35,24.41,24.24,24.32,23.63,23.17,22.88,23.05,22,22.32,19.55,20.63,18.96,19.79,18,17.48,18.42,17.43,17.43,17.31,16.04,17.34,18.79,19.4,19.44,18.42,18.91,20.41,20.96,19.65,15.97,13.26,12.93,11.02,11.13,8.02,9.29,10.32,12.48,9.58,12.66,13.97,14.32,15.78,17.94,15.73,15.75,14.29,12.02,13.29,13.45,11.11,10.49,10.16,7.24,6.47,7.13
12.57,14.73,16.63,18.49,20.05,21.99,24.22,26.03,26.8,26.52,25.52,24.64,24.49,26.35,27.44,27.93,27.73,27.22,25.77,24.47,23.6,23.19,22.41,21.96,21.98,21.41,20.54,19.87,19.66,19.86,19.74,19.51,18.74,18.01,17.92,18.28,17.66,16.54,15.7,15.91,16.86,16.73,16.59,15.93,16.64,17.39,17.73,17.34,16.2,17.11,18.83,19,17.32,15.89,14.4,12.17,10.53,9.47,8.46,8.22,8.3,11.14,9.72,10.72,11.13,10.6,12.96,14.2,12.26,13.82,14.54,13.35,14.98,15.25,12.56,10.44,8.25,6.65,5.38,6.87
10.53,12.87,15.11,17.46,19.65,21.58,23.47,25.29,26.02,25.92,25.35,25.79,27.22,27.88,27.72,26.87,25.87,25.11,23.04,22.59,22.15,21.83,20.72,19.76,18.14,16.58,16.09,15.61,15.07,15.17,15.31,15.33,15.06,16.12,15.06,16.23,15.19,15.15,13.69,13.71,14.71,14.88,15.08,15.59,15.75,15.45,15.53,15.11,14.94,15.54,16.99,17.33,16.46,15.13,13.04,11.76,9.85,8.82,8.08,7.54,8.55,8.63,9.68,9.27,9.76,10.52,12.92,12.48,11.79,12.81,15.17,16.01,13.73,12.34,11.41,10.57,6.44,6.07,6.2,7.67
8.96,10.63,12.76,14.77,16.93,19.95,22.36,23.69,24.64,24.98,25.48,26.24,26.16,25.98,25.74,24.89,24.11,22.51,21.81,21.26,20.43,19.73,18.22,16.06,13.77,12.95,12.75,12.48,11.61,11.28,11.01,11.9,12.24,13.4,13.23,13.45,13.4,13.15,12.71,12.17,12.68,12.81,13.73,14.57,14.54,13.65,13.4,12.52,13.29,14.35,15.58,16.89,18.45,15.57,12.6,11.06,8.87,8.15,8.94,9.36,9.53,9.77,9.94,10,10.77,11.59,12.3,13.41,13.03,14.16,15.55,15.22,14.38,12.42,10.34,8.02,6.76,6.38,8.01,10.23
6.49,8.49,10.4,12.93,15.32,17.64,20.07,21.65,22.14,22.74,24.16,24.19,23.89,24,23.67,22.87,21.6,21.32,20.61,19.32,18.14,17.46,15.26,13.43,13.34,13.18,12.26,11.29,10.43,9.84,10.1,10.95,10.43,10.81,10.75,10.56,11.25,11.54,12.48,11.68,11.85,12.2,12.86,12.81,13.34,12.03,11.42,10.47,11.95,13.57,13.59,13.83,14.84,12.94,14.45,15.72,14.24,13.34,10.06,9.26,10.54,11.3,11.46,11.51,12.02,12.62,13.21,13.22,12.9,13.89,15.03,15.59,15.46,14.04,11.46,7.76,7.68,8.01,9.23,11.77
4.4,5.8,7.49,9.8,12,14.5,16.78,19,20.32,21.62,22.74,22.82,22.59,22.37,21.27,20.33,20.08,19.63,18.26,17.23,16.93,15.04,14.04,13.31,13.22,12.28,11.59,10.43,9.61,9.18,9.3,9.68,9.49,9.51,9.28,7.87,9.1,9.65,10.06,10.44,11.28,12.05,12.13,12.22,10.98,10.86,10.49,10.83,11.35,11.92,12.19,13.36,15.49,18.63,19.64,18.55,17.76,18.78,20.53,18,13.05,12.34,13.53,13.54,13.48,13.78,13.73,14.2,14.81,12.96,14.31,14.46,14.96,13.43,11.83,9.32,8.71,9.2,10.49,13.43
5.21,6.19,7.45,9.17,11.17,13.31,16.67,17.45,19.8,19.96,20.93,20.7,20.29,19.67,18.82,18.35,17.93,17.9,17.03,17.34,15.51,14.41,13.73,13.63,13.52,13.28,13.66,13.7,13.38,12.37,11.98,12.34,11.3,10.22,9.34,5.62,10.06,10.94,11.12,9.1,10.56,7.9,8.21,10.34,9.59,10.34,10.68,11.52,13.22,15.19,15.69,15.9,16.88,19.22,19.42,19.05,18.98,18.99,19.86,18.61,18.71,17.71,16.68,16.13,16.25,16.71,17.36,17.07,14.46,12.17,11.95,11.31,11.22,11.01,11.05,10.85,10.54,11.27,13.24,14.7
6.66,7.13,8.06,9.45,11.08,13.13,14.41,15.73,16.57,17.11,17.6,17.84,18.46,18.42,17.48,17.06,17.04,17.15,16.45,18.37,14.24,13.8,14.26,14.61,15.3,17.5,19.02,19.62,20.33,18.71,13.81,11.59,8.92,5.96,8.25,5.67,7.05,3.19,3.97,8.06,8.15,8.34,9.42,10.45,10.46,10.62,10.83,11.48,12.61,14.44,16.53,17.37,16.98,18.77,20.56,20.86,21.28,20.17,20.71,21.18,17.7,17.88,17.46,16.86,16.65,16.72,16.07,15.45,15.15,14.05,12.98,12.27,12.18,11.74,11.94,12.73,13.56,13.96,14.98,16.04
13.93,13.64,12.98,12.49,12.9,13.58,14.02,14.39,14.79,15.6,16.24,17.17,17.61,17.48,17,17.15,17.44,17.22,16.99,18.74,15.07,15.01,14.99,16.35,19.25,21.83,23.4,24.8,25.72,22.85,15.44,13.76,13.98,17.88,11.44,11.02,11.16,15.86,19.24,17.06,14.18,12.32,12.41,13.37,13.47,12.93,13.06,14.72,14.41,15.85,16.43,15.58,16.23,18.06,19.6,19.72,19.79,20.9,20.73,18.16,17.32,17.37,17.63,17.36,16.59,16.48,16.36,16.3,15.62,14.35,13.5,13.05,13.41,12.96,13.13,14.38,16.03,16.04,16.91,16.77
