gfs.json
{"header": {"discipline":0,"disciplineName":"Meteorological products","gribEdition":2,"gribLength":134257,"center":7,"centerName":"US National Weather Service - NCEP(WMC)","subcenter":0,"refTime":"2014-01-17T06:00:00.000Z","significanceOfRT":1,"significanceOfRTName":"Start of forecast","productStatus":0,"productStatusName":"Operational products","productType":1,"productTypeName":"Forecast products","productDefinitionTemplate":0,"productDefinitionTemplateName":"Analysis/forecast at horizontal level/layer at a point in time","parameterCategory":2,"parameterCategoryName":"Momentum","parameterNumber":2,"parameterNumberName":"U-component_of_wind","parameterUnit":"m.s-1","genProcessType":2,"genProcessTypeName":"Forecast","forecastTime":9,"surface1Type":100,"surface1TypeName":"Isobaric surface","surface1Value":85000,"surface2Type":255,"surface2TypeName":"Missing","surface2Value":0,"gridDefinitionTemplate":0,"gridDefinitionTemplateName":"Latitude_Longitude","numberPoints":65160,"shape":6,"shapeName":"Earth spherical with radius of 6,371,229.0 m","gridUnits":"degrees","resolution":48,"winds":"true","scanMode":0,"nx":360,"ny":181,"basicAngle":0,"subDivisions":0,"lo1":0,"la1":90,"lo2":359,"la2":-90,"dx":1,"dy":1}, "data":
[rows 0 to 34 of 181, columns 158 to 236 of 360]
2.15,2.09,2.02,1.96,1.89,1.82,1.76,1.69,1.62,1.55,1.48,1.41,1.34,1.27,1.2,1.13,1.06,0.99,0.92,0.84,0.77,0.7,0.62,0.55,0.48,0.4,0.33,0.26,0.18,0.11,0.03,-0.04,-0.11,-0.19,-0.26,-0.34,-0.41,-0.48,-0.56,-0.63,-0.7,-0.78,-0.85,-0.92,-0.99,-1.07,-1.14,-1.21,-1.28,-1.35,-1.42,-1.49,-1.56,-1.63,-1.7,-1.76,-1.83,-1.9,-1.96,-2.03,-2.09,-2.16,-2.22,-2.28,-2.35,-2.41,-2.47,-2.53,-2.59,-2.65,-2.7,-2.76,-2.82,-2.87,-2.92,-2.98,-3.03,-3.08,-3.13
2.11,2.07,2.01,1.95,1.89,1.84,1.78,1.72,1.65,1.59,1.52,1.45,1.39,1.31,1.24,1.16,1.09,1.01,0.93,0.85,0.77,0.69,0.61,0.53,0.44,0.35,0.26,0.17,0.08,0,-0.09,-0.19,-0.28,-0.37,-0.47,-0.56,-0.66,-0.76,-0.85,-0.95,-1.04,-1.14,-1.24,-1.33,-1.43,-1.53,-1.62,-1.71,-1.81,-1.9,-2,-2.09,-2.19,-2.28,-2.38,-2.47,-2.56,-2.65,-2.74,-2.83,-2.92,-3.01,-3.1,-3.19,-3.27,-3.36,-3.44,-3.52,-3.6,-3.68,-3.76,-3.84,-3.91,-3.99,-4.06,-4.13,-4.2,-4.27,-4.33
4.18,4.2,4.22,4.24,4.25,4.27,4.28,4.28,4.29,4.29,4.29,4.3,4.29,4.28,4.27,4.25,4.23,4.2,4.17,4.13,4.09,4.04,3.98,3.93,3.87,3.79,3.72,3.64,3.55,3.46,3.36,3.25,3.14,3.02,2.9,2.78,2.64,2.51,2.37,2.22,2.08,1.93,1.77,1.62,1.46,1.3,1.14,0.97,0.8,0.64,0.47,0.3,0.14,-0.03,-0.2,-0.37,-0.54,-0.71,-0.88,-1.04,-1.21,-1.38,-1.54,-1.71,-1.87,-2.03,-2.2,-2.36,-2.52,-2.68,-2.84,-3,-3.15,-3.3,-3.46,-3.6,-3.75,-3.9,-4.04
2.4,2.43,2.46,2.49,2.52,2.56,2.59,2.62,2.66,2.68,2.72,2.75,2.79,2.82,2.85,2.89,2.93,2.96,2.99,3.03,3.07,3.1,3.14,3.18,3.22,3.25,3.28,3.31,3.34,3.37,3.4,3.41,3.43,3.45,3.46,3.47,3.46,3.45,3.43,3.41,3.38,3.33,3.27,3.21,3.14,3.06,2.97,2.87,2.77,2.65,2.52,2.39,2.25,2.1,1.95,1.79,1.62,1.46,1.29,1.11,0.93,0.76,0.57,0.4,0.22,0.04,-0.14,-0.31,-0.48,-0.65,-0.81,-0.97,-1.12,-1.27,-1.41,-1.55,-1.68,-1.81,-1.92
2.92,2.87,2.83,2.79,2.76,2.74,2.72,2.7,2.69,2.67,2.64,2.61,2.58,2.54,2.5,2.46,2.42,2.38,2.33,2.29,2.25,2.2,2.17,2.14,2.1,2.07,2.05,2.02,2.01,1.99,1.97,1.95,1.94,1.94,1.92,1.92,1.91,1.91,1.9,1.89,1.88,1.87,1.87,1.86,1.84,1.83,1.81,1.78,1.75,1.71,1.66,1.61,1.54,1.47,1.38,1.28,1.17,1.05,0.92,0.77,0.62,0.46,0.29,0.11,-0.07,-0.25,-0.43,-0.61,-0.78,-0.95,-1.1,-1.24,-1.38,-1.5,-1.6,-1.7,-1.77,-1.84,-1.89
6.14,5.8,5.49,5.2,4.94,4.7,4.49,4.29,4.11,3.94,3.79,3.64,3.5,3.36,3.23,3.11,2.99,2.88,2.77,2.67,2.57,2.48,2.39,2.31,2.23,2.16,2.08,2.01,1.95,1.89,1.83,1.77,1.71,1.66,1.61,1.55,1.49,1.43,1.37,1.31,1.25,1.17,1.11,1.03,0.95,0.88,0.8,0.71,0.62,0.52,0.42,0.31,0.2,0.08,-0.06,-0.19,-0.35,-0.51,-0.67,-0.85,-1.04,-1.24,-1.44,-1.65,-1.85,-2.06,-2.26,-2.45,-2.62,-2.77,-2.9,-3.01,-3.1,-3.16,-3.19,-3.2,-3.19,-3.15,-3.1
7.2,6.86,6.53,6.2,5.89,5.6,5.31,5.05,4.8,4.59,4.39,4.21,4.07,3.95,3.86,3.8,3.75,3.73,3.72,3.72,3.73,3.73,3.72,3.71,3.68,3.63,3.56,3.48,3.38,3.26,3.13,2.98,2.84,2.69,2.53,2.38,2.22,2.06,1.91,1.74,1.57,1.4,1.22,1.03,0.84,0.64,0.44,0.23,0.01,-0.2,-0.42,-0.64,-0.86,-1.09,-1.32,-1.55,-1.77,-1.98,-2.19,-2.39,-2.59,-2.78,-2.97,-3.15,-3.33,-3.51,-3.68,-3.84,-3.98,-4.11,-4.22,-4.3,-4.37,-4.41,-4.42,-4.41,-4.37,-4.3,-4.21
4.44,4.16,3.88,3.63,3.41,3.22,3.1,3.04,3.06,3.15,3.31,3.53,3.79,4.08,4.38,4.68,4.97,5.23,5.47,5.67,5.84,5.97,6.07,6.13,6.17,6.17,6.13,6.06,5.96,5.82,5.65,5.44,5.2,4.94,4.65,4.35,4.05,3.74,3.43,3.14,2.84,2.54,2.24,1.94,1.63,1.31,0.98,0.64,0.32,-0.01,-0.33,-0.64,-0.94,-1.22,-1.49,-1.74,-1.97,-2.19,-2.39,-2.58,-2.76,-2.93,-3.11,-3.28,-3.46,-3.65,-3.84,-4.04,-4.24,-4.44,-4.62,-4.79,-4.93,-5.03,-5.09,-5.12,-5.1,-5.06,-4.99
0.84,0.68,0.63,0.7,0.88,1.14,1.46,1.79,2.12,2.41,2.66,2.85,3.01,3.12,3.23,3.33,3.44,3.57,3.71,3.88,4.05,4.23,4.4,4.57,4.72,4.85,4.96,5.04,5.1,5.12,5.11,5.06,4.97,4.85,4.69,4.49,4.28,4.04,3.8,3.56,3.32,3.1,2.89,2.69,2.48,2.28,2.06,1.82,1.56,1.28,0.99,0.68,0.36,0.05,-0.26,-0.54,-0.8,-1.05,-1.28,-1.5,-1.73,-1.95,-2.19,-2.43,-2.68,-2.95,-3.22,-3.49,-3.77,-4.03,-4.28,-4.5,-4.68,-4.81,-4.89,-4.93,-4.93,-4.9,-4.86
-0.28,-0.11,0.11,0.32,0.49,0.61,0.67,0.69,0.67,0.64,0.64,0.68,0.77,0.91,1.09,1.31,1.54,1.77,2,2.22,2.42,2.63,2.83,3.04,3.25,3.47,3.7,3.91,4.11,4.29,4.43,4.53,4.58,4.58,4.52,4.42,4.26,4.06,3.84,3.59,3.34,3.11,2.9,2.72,2.59,2.48,2.4,2.32,2.24,2.12,1.98,1.78,1.54,1.26,0.95,0.63,0.31,-0.01,-0.32,-0.61,-0.9,-1.2,-1.5,-1.81,-2.11,-2.41,-2.68,-2.92,-3.11,-3.26,-3.36,-3.42,-3.43,-3.4,-3.35,-3.28,-3.21,-3.13,-3.08
1.42,1.56,1.64,1.68,1.68,1.68,1.68,1.7,1.72,1.74,1.74,1.71,1.65,1.56,1.46,1.36,1.3,1.26,1.27,1.3,1.37,1.45,1.55,1.67,1.8,1.95,2.12,2.3,2.48,2.67,2.86,3.06,3.23,3.4,3.55,3.68,3.79,3.87,3.92,3.92,3.9,3.85,3.75,3.63,3.48,3.33,3.15,2.97,2.8,2.6,2.41,2.21,1.99,1.75,1.49,1.21,0.91,0.61,0.3,-0.01,-0.3,-0.6,-0.88,-1.15,-1.41,-1.64,-1.84,-1.98,-2.09,-2.16,-2.19,-2.19,-2.18,-2.17,-2.15,-2.13,-2.12,-2.11,-2.1
5.29,5.72,6.07,6.34,6.55,6.7,6.77,6.77,6.71,6.58,6.38,6.11,5.74,5.31,4.8,4.26,3.71,3.17,2.68,2.25,1.91,1.63,1.42,1.27,1.16,1.08,1.04,1.03,1.05,1.12,1.21,1.32,1.45,1.59,1.72,1.85,1.98,2.11,2.25,2.39,2.53,2.68,2.8,2.89,2.92,2.91,2.84,2.71,2.52,2.31,2.08,1.83,1.61,1.4,1.21,1.06,0.92,0.79,0.69,0.58,0.49,0.38,0.26,0.13,-0.02,-0.18,-0.34,-0.51,-0.68,-0.84,-1,-1.17,-1.36,-1.55,-1.75,-1.94,-2.14,-2.32,-2.49
5.31,5.59,5.86,6.11,6.35,6.59,6.81,7,7.18,7.3,7.36,7.35,7.26,7.08,6.8,6.43,5.97,5.42,4.82,4.18,3.54,2.91,2.34,1.84,1.42,1.06,0.76,0.5,0.28,0.12,0.02,-0.03,-0.02,0.04,0.13,0.23,0.32,0.39,0.44,0.48,0.51,0.55,0.59,0.62,0.64,0.65,0.64,0.62,0.58,0.55,0.51,0.5,0.51,0.57,0.66,0.78,0.93,1.09,1.25,1.38,1.49,1.55,1.57,1.53,1.42,1.25,1.01,0.71,0.37,0.01,-0.39,-0.79,-1.18,-1.55,-1.9,-2.22,-2.5,-2.75,-2.95
0.54,0.62,0.73,0.85,0.99,1.16,1.35,1.6,1.91,2.31,2.76,3.24,3.71,4.13,4.45,4.68,4.83,4.87,4.82,4.65,4.36,3.97,3.52,3.04,2.57,2.15,1.76,1.4,1.07,0.76,0.48,0.23,0.03,-0.12,-0.2,-0.22,-0.19,-0.14,-0.1,-0.09,-0.13,-0.22,-0.34,-0.46,-0.56,-0.61,-0.61,-0.55,-0.43,-0.25,0,0.3,0.63,1.01,1.38,1.76,2.1,2.4,2.64,2.81,2.89,2.92,2.86,2.74,2.55,2.29,1.96,1.58,1.16,0.72,0.25,-0.24,-0.75,-1.27,-1.77,-2.19,-2.54,-2.78,-2.9
2.83,2.55,2.3,2.06,1.85,1.63,1.38,1.1,0.77,0.41,0.12,-0.06,-0.05,0.16,0.51,0.96,1.43,1.89,2.31,2.66,2.95,3.13,3.21,3.19,3.09,2.94,2.75,2.54,2.32,2.11,1.9,1.71,1.53,1.34,1.15,0.95,0.76,0.62,0.55,0.57,0.67,0.82,0.99,1.15,1.3,1.43,1.57,1.71,1.9,2.12,2.38,2.68,2.98,3.29,3.57,3.81,4.01,4.14,4.22,4.25,4.22,4.14,4.01,3.83,3.6,3.34,3.01,2.63,2.19,1.71,1.21,0.72,0.29,-0.02,-0.2,-0.24,-0.18,-0.11,-0.03
6.59,6.08,5.51,4.92,4.33,3.79,3.33,2.94,2.6,2.22,1.72,1.08,0.37,-0.28,-0.76,-0.99,-1,-0.84,-0.58,-0.26,0.09,0.46,0.83,1.18,1.5,1.77,1.99,2.18,2.32,2.42,2.48,2.49,2.49,2.48,2.47,2.46,2.43,2.35,2.21,2.03,1.83,1.68,1.58,1.59,1.67,1.8,1.95,2.09,2.2,2.27,2.34,2.4,2.51,2.65,2.84,3.07,3.31,3.55,3.78,3.97,4.13,4.26,4.34,4.36,4.34,4.24,4.1,3.89,3.67,3.47,3.33,3.26,3.26,3.31,3.39,3.44,3.42,3.32,3.16
7.01,6.9,6.75,6.52,6.22,5.8,5.31,4.81,4.35,3.99,3.72,3.44,3.04,2.43,1.67,0.89,0.23,-0.25,-0.53,-0.71,-0.81,-0.86,-0.86,-0.8,-0.67,-0.49,-0.27,0,0.31,0.67,1.06,1.47,1.87,2.22,2.5,2.72,2.87,2.96,3.02,3.03,3.02,2.96,2.88,2.76,2.65,2.6,2.63,2.75,2.95,3.17,3.37,3.52,3.59,3.6,3.54,3.48,3.42,3.42,3.48,3.61,3.82,4.08,4.39,4.72,5.04,5.36,5.66,5.93,6.18,6.39,6.57,6.7,6.74,6.69,6.59,6.45,6.34,6.28,6.19
4.67,5.01,5.27,5.48,5.65,5.77,5.82,5.79,5.66,5.42,5.15,4.89,4.65,4.38,3.95,3.32,2.51,1.64,0.81,0.1,-0.48,-0.96,-1.37,-1.65,-1.8,-1.78,-1.6,-1.27,-0.82,-0.31,0.2,0.65,1.06,1.42,1.75,2.04,2.28,2.44,2.54,2.61,2.65,2.7,2.76,2.82,2.89,2.93,2.95,2.99,3.06,3.2,3.43,3.74,4.13,4.57,5.01,5.41,5.78,6.08,6.34,6.54,6.72,6.91,7.13,7.41,7.74,8.14,8.58,9.03,9.48,9.92,10.28,10.54,10.7,10.73,10.62,10.38,10.19,10.1,10.05
1.24,1.69,2.12,2.52,2.87,3.19,3.48,3.75,3.99,4.2,4.36,4.48,4.58,4.65,4.67,4.53,4.19,3.63,2.93,2.19,1.45,0.79,0.26,-0.12,-0.4,-0.64,-0.76,-0.73,-0.53,-0.23,0.07,0.29,0.39,0.37,0.29,0.19,0.11,0.06,0.07,0.15,0.29,0.47,0.69,0.96,1.26,1.6,1.97,2.34,2.69,3.01,3.33,3.65,4,4.37,4.76,5.18,5.62,6.07,6.56,7.06,7.58,8.09,8.61,9.14,9.66,10.2,10.73,11.24,11.72,12.16,12.51,12.78,12.93,13.02,13.03,13.03,13.1,13.17,13.5
0.23,0.43,0.66,0.87,1.07,1.25,1.44,1.63,1.8,1.95,2.12,2.35,2.67,3.08,3.57,4.06,4.51,4.85,4.95,4.66,4.15,3.6,3.2,3.38,4.02,4.08,3.62,3,2.38,1.68,0.92,0.19,-0.48,-1.17,-1.91,-2.64,-3.25,-3.67,-3.89,-3.94,-3.88,-3.68,-3.37,-2.95,-2.47,-1.93,-1.34,-0.73,-0.12,0.48,1.05,1.59,2.11,2.68,3.31,4.01,4.76,5.54,6.33,7.11,7.89,8.61,9.25,9.85,10.4,10.89,11.37,11.87,12.39,12.89,13.35,13.77,14.15,14.48,14.69,14.82,14.75,14.71,14.78
-1.89,-1.43,-1.09,-0.91,-0.64,-0.35,-0.14,0.02,0.27,0.74,1.15,1.4,1.51,1.74,1.99,2.03,2.51,3.02,3.62,4.41,4.93,5.21,5.42,5.51,5.34,4.81,4.04,3.22,2.38,1.32,0.09,-1.12,-2.23,-3.36,-4.5,-5.5,-6.24,-6.81,-7.33,-7.69,-7.85,-7.74,-7.35,-6.92,-6.45,-6.04,-5.6,-5.08,-4.57,-4.14,-3.62,-3.13,-2.69,-2.33,-2.17,-1.58,-0.46,1.11,2.29,3.25,4.56,5.55,6.3,6.9,7.31,7.66,8,8.57,9.11,9.73,10.43,11.13,11.81,12.5,12.94,13.04,12.82,12.75,12.89
-4.61,-4.37,-4.32,-3.85,-3.3,-3.07,-2.75,-3.04,-3.25,-2.43,-1.89,-1.46,-0.97,-0.7,-0.82,-1.56,-1.54,-1.39,-1.14,0.09,1.3,2.11,2.56,2.8,2.69,2.24,1.48,0.58,-0.49,-1.6,-2.66,-3.63,-4.61,-5.82,-7.26,-8.53,-10.37,-11.25,-11.78,-12.82,-13.67,-14.11,-14.18,-14.12,-14.09,-13.99,-13.16,-11.72,-10.22,-9.26,-8.65,-7.44,-6.42,-4.54,-2.45,-1.19,-1,-2.25,-1.18,-0.07,-0.89,-1.19,-0.65,1.48,2.41,3.3,4.58,5.96,7.03,7.67,8.12,8.61,9,9.66,10.14,10.33,10.23,10.02,9.89
-2.53,-2.72,-2.79,-2.62,-2.66,-2.96,-2.99,-2.74,-2.89,-2.87,-2.97,-2.79,-3.68,-3.81,-3.64,-3.91,-4.36,-4.41,-4.29,-3.72,-2.79,-2.57,-2.35,-2.83,-3.61,-3.8,-4.12,-4.55,-5.01,-5.51,-6.04,-6.54,-7.02,-7.74,-8.23,-7.57,-6.61,-6.26,-6.56,-7.56,-9.02,-10.15,-9.23,-7.31,-5.11,-5.74,-3.79,-3.19,-3.75,-3.11,-2.95,-2.98,-2.65,-2.5,-2.27,-2.05,-2.24,-2.63,-2.67,-2.37,-2.32,-1.46,0.01,1.22,-0.11,-0.96,1.75,5.89,6.56,5.83,6.34,6.84,6.74,7.07,6.65,6.64,6.59,6.45,6.14
-4.42,-4.47,-3.86,-4.71,-4.3,-3.83,-3.77,-3.33,-2.93,-2.72,-3.11,-3.82,-5.37,-6.22,-5.93,-5.28,-4.47,-3.62,-2.25,-2.34,-5.03,-8.54,-9.89,-9.95,-9.18,-9.96,-10.59,-11,-10.82,-10.28,-9.75,-9.14,-8.97,-9.1,-9.09,-8.74,-8.12,-7.44,-6.91,-6.35,-5.64,-5.39,-6.08,-6.07,-5.79,-4.99,-4.32,-4.59,-5.41,-5.95,-5.24,-2.85,-3.82,-3.61,-3.67,-3,-1.39,-0.26,1.4,2.04,2.42,2.43,2.49,2.7,5.43,6.68,2.4,7.7,6.35,6.89,6.62,7.11,8.02,7.15,8.11,7.28,7.62,6.87,6.51
-6.12,-5.37,-5.15,-5.22,-4.77,-3.5,-3.48,-3.94,-3.55,-4.16,-5.54,-6.97,-6.84,-6.51,-6.37,-5.64,-6.17,-7.17,-7.84,-8.51,-8.59,-9.57,-11.34,-12.33,-14.34,-16.93,-17.36,-17.15,-15.9,-15.55,-17.09,-15.09,-13.87,-12.82,-12.13,-11.82,-11.67,-11.59,-11.2,-10.98,-10.42,-10.99,-11.83,-11.31,-10.92,-10.65,-10.18,-8.63,-8.73,-7.43,-5.62,-7.33,-6.37,-4.91,-4.51,-3.68,-2.43,-2.33,-1.71,-1.02,0.4,2.1,1.6,2.72,4.46,7.12,7.88,8.56,10.54,11.69,12.71,13.38,13.59,13.71,13.14,13.19,12.58,10.91,9.88
-5.36,-4.46,-3.81,-4.05,-3.02,-2.1,-3.14,-3.27,-5.73,-7.48,-7.41,-7.38,-7.72,-7.66,-7.61,-8.16,-8.84,-9.21,-8.54,-8.31,-9.84,-13.47,-15.19,-15.88,-16.13,-16.28,-16.3,-20.06,-20.52,-19.3,-18.37,-18.63,-17.7,-16.51,-14.89,-13.38,-14.61,-14.93,-15.67,-17.16,-15.95,-12.69,-16.15,-16.99,-14.8,-12.93,-12.34,-12.3,-11.67,-11.95,-12.01,-11.25,-11.03,-9.97,-9.42,-6.77,-5.8,-3.62,-2.51,-1.67,-1.07,0.11,-0.51,1.33,1.6,1.12,0.94,1.52,1.2,1.47,2.75,2.39,2.61,2.59,5.44,13.28,16.25,16.63,14.68
-3.48,-3.82,-4.02,-7.07,-7.54,-8.3,-9.66,-9.91,-10.49,-10.89,-10.61,-10.48,-10.07,-9.27,-9.13,-9.81,-9.53,-9.9,-11.42,-12.56,-13.9,-13.75,-13.23,-13.52,-14.59,-15.8,-17.2,-19.15,-19.61,-20.19,-20.14,-18.53,-16.75,-16.01,-16.19,-16.6,-16.95,-16.94,-16.09,-15.68,-15.39,-14.81,-19.76,-19.49,-19.08,-18.88,-17.6,-16.81,-15.49,-13.4,-12.55,-11.41,-10.23,-6.68,-3.14,-3.42,-4.17,-4.9,-5.53,-2.76,-1.53,-3.09,-4.98,-4.61,-3.08,-2.44,-1.28,-2.04,-0.51,-0.84,-0.12,1.79,2.55,3.55,4.4,3.35,4.82,8.58,13.11
-1.67,-2.13,-2.8,-4.57,-6.54,-8.55,-10.98,-12.92,-13.13,-12.71,-12.13,-12.58,-13.37,-10.67,-10.54,-11.96,-12.65,-13.93,-13.11,-15.52,-15.96,-14.23,-12.23,-12.15,-13.78,-16.03,-18.26,-19.53,-19.14,-18.32,-18.16,-18.84,-20.13,-20.66,-20.08,-19.27,-18.68,-18.71,-18.81,-18.52,-22.01,-22.81,-22.38,-23.1,-20.65,-23.8,-21.86,-19.64,-18.05,-13.76,-6.02,-2.53,-3.86,-6.49,-6.91,-6.99,-3.89,-0.69,-1.27,-2.84,-4.77,-5.1,-3.71,-3.9,-5.41,-5.14,-2.33,0.28,0.39,-0.11,-0.74,-0.18,1.24,1.96,3.22,5.28,4.53,7.49,9.08
-1.41,-4.79,-6.61,-7.8,-8.42,-9.43,-10.57,-11.92,-12.52,-11.39,-8.43,-6.4,-4.23,-4.35,-3.88,-9.5,-11.95,-13.03,-13.08,-12.72,-13.39,-14.53,-14.42,-13.88,-14.65,-16.2,-16.98,-16.9,-16.95,-17.79,-19.16,-20.45,-20.54,-20.81,-21.48,-21.62,-21.59,-21.88,-21.82,-22.87,-26.41,-28.45,-25.17,-23.16,-19.8,-14.69,-12.56,-12.66,-4.74,-5.6,-8.44,-7.02,-5.02,-4.04,-2.88,-4.93,-7.24,-8.11,-3.49,1.08,2.68,0.78,-1.56,-2.67,-1.85,-1.17,0.22,-0.63,-0.28,1.82,2.79,2.91,0.58,0.98,3.16,3.4,3.12,3.11,6.06
-1.92,-0.57,0.59,-3.37,-4.27,-5.08,-4.02,-3.45,-2.24,-0.07,0.2,-0.99,-1.43,-1.72,-4.81,-6.98,-7.49,-7.69,-7.68,-9.17,-10.92,-11.66,-12.08,-12.29,-12.75,-13.31,-13.96,-15.24,-16.63,-16.87,-16.87,-18.66,-21.16,-21.33,-22.95,-25.35,-28.57,-30.51,-29.96,-30.74,-32.87,-34.89,-34.01,-29.63,-25.4,-23.59,-24.67,-26.25,-12.33,-6.32,-19.86,-28.07,-30.32,-10.94,-16.08,-18.16,-5.61,-4.08,-4.52,-4.52,-5.14,-2.87,3.84,3.46,1.03,2.37,2.3,-0.94,-2.65,1.06,3.54,3.48,2.95,2.23,3.73,4.43,5.21,5.3,2.89
-1.22,-0.75,-0.75,-0.02,-0.1,2.63,4.05,3.45,2.25,1.5,1.54,0.92,-1.81,-4.83,-6.84,-7.72,-8.11,-7.6,-7.6,-8.47,-8.74,-8.15,-7.72,-7.72,-8.48,-9.03,-9.89,-11.91,-13,-13.55,-15.32,-18.63,-21.1,-21.66,-24.18,-25.74,-26.25,-25.96,-29.35,-35.68,-37.21,-41.71,-36.48,-32.09,-38.82,-41.73,-39.47,-38.93,-21.32,-16.55,-23.23,-23.72,-16.98,-29.88,-25.89,-21.53,-21.08,-22.84,-23.48,-22.06,-19.89,-14.19,-5.87,2.84,1.11,-2.25,0.28,3.29,1.7,1.21,1.44,3.78,7.61,7.84,9.34,12.98,17.29,22.98,12.93
-1.78,-1.15,-1.8,1.87,2.27,3.49,1.63,0.06,-1.13,-2.06,-2.98,-5.66,-7.91,-8.99,-9.11,-8.45,-7.58,-7.32,-7.46,-7.36,-6.75,-6.21,-5.92,-5.22,-4.02,-5.29,-8.14,-8.27,-8.52,-10.56,-12.45,-14.07,-15.03,-14.65,-15.73,-16.87,-19.07,-23.52,-27.46,-27.42,-26.07,-31.71,-33.21,-30.33,-26.65,-25.22,-32.81,-38.99,-34.93,-31.7,-27.12,-25.65,-21.89,-20.81,-20.4,-20.06,-18.82,-17.95,-16.35,-14.51,-12.4,-9.23,-7.27,-7.45,-4.44,-1.78,-2.27,1.06,1.53,0.91,-0.22,-0.81,2.31,3.67,4.68,1.4,3.26,8.88,17.88
-6.54,-5.34,-2.34,-2.86,-4.29,-4.66,-6.37,-7.22,-6.92,-6.86,-7.21,-7.94,-8.39,-8.41,-7.91,-7.18,-6.41,-6.38,-5.97,-5.05,-4.77,-4.82,-4.56,-3.8,-3.03,-2.32,-2.71,-2.97,-3.75,-6.38,-7.66,-8.53,-9.15,-10.17,-11.82,-12.83,-14.56,-16.69,-18.74,-20,-21.76,-20.56,-18.17,-16.01,-15.42,-18.21,-23.03,-17.6,-14.97,-16.53,-13.36,-12.86,-13.49,-16.4,-18.66,-18.45,-17.54,-17.02,-15.62,-13.77,-12.89,-13.67,-13.47,-11.38,-9.92,-6.31,-5.43,-4.57,-2.91,-0.33,0.1,-0.65,-0.89,-0.23,-0.36,1.02,0.51,2.47,5.47
-10.94,-10.58,-9.71,-9.87,-9.26,-8.3,-9.68,-10.57,-10.33,-9.8,-9.05,-8.43,-8.09,-6.8,-5.91,-5.59,-5.3,-5.21,-4.6,-3.77,-3.06,-2.45,-1.74,-1.05,-0.57,0.25,0.85,1.41,2.22,0.21,-2.07,-2.19,-3.78,-5.99,-5.73,-4.86,-5.11,-6.07,-7.29,-7.38,-7.48,-8.72,-11.9,-14.87,-13.87,-9.94,-10.13,-12.36,-11.43,-8.38,-8.87,-9.66,-8.54,-7.24,-7.87,-11.8,-14.89,-15,-14.39,-13.79,-12.07,-10.29,-10.32,-11.23,-11.63,-12.06,-10.21,-7.09,-6.91,-5.2,-1.96,-2.47,-2.49,-1.18,0.04,1.14,2.96,1.21,2.05
-9.79,-7.68,-8.28,-6.42,-11.24,-12.95,-13,-13.91,-13.38,-12.46,-11.74,-11.35,-10.9,-10.2,-8.95,-7.31,-6.01,-5.25,-4.42,-3.25,-2.01,-1.12,-0.54,0.32,1.21,2.19,3.35,4.29,5.23,6.47,5.61,3.77,1.75,-0.63,-0.58,0.59,2.19,3.62,3.59,1.69,-3.53,-10.55,-11.7,-13.32,-13.2,-14.49,-13.66,-12.78,-11.33,-8.91,-6.32,-4.21,-3.56,-4.75,-4.95,-4.4,-5.69,-10.16,-12.92,-11.76,-10.85,-9.62,-7.88,-6.86,-6.88,-7.55,-8.76,-8.88,-5.02,-3.5,-4.36,-1.22,-2.22,-0.55,-1.81,0.03,1.79,3.34,2.56
