gfs.json
{"header": {"discipline":0,"disciplineName":"Meteorological products","gribEdition":2,"gribLength":131256,"center":7,"centerName":"US National Weather Service - NCEP(WMC)","subcenter":0,"refTime":"2014-07-03T12:00:00.000Z","significanceOfRT":1,"significanceOfRTName":"Start of forecast","productStatus":0,"productStatusName":"Operational products","productType":1,"productTypeName":"Forecast products","productDefinitionTemplate":0,"productDefinitionTemplateName":"Analysis/forecast at horizontal level/layer at a point in time","parameterCategory":2,"parameterCategoryName":"Momentum","parameterNumber":3,"parameterNumberName":"V-component_of_wind","parameterUnit":"m.s-1","genProcessType":2,"genProcessTypeName":"Forecast","forecastTime":6,"surface1Type":103,"surface1TypeName":"Specified height level above ground","surface1Value":10,"surface2Type":255,"surface2TypeName":"Missing","surface2Value":0,"gridDefinitionTemplate":0,"gridDefinitionTemplateName":"Latitude_Longitude","numberPoints":65160,"shape":6,"shapeName":"Earth spherical with radius of 6,371,229.0 m","gridUnits":"degrees","resolution":48,"winds":"true","scanMode":0,"nx":360,"ny":181,"basicAngle":0,"subDivisions":0,"lo1":0,"la1":90,"lo2":359,"la2":-90,"dx":1,"dy":1}, "data":
[rows 0 to 36 of 181, columns 84 to 167 of 360]
-0.41,-0.37,-0.32,-0.28,-0.23,-0.19,-0.15,-0.1,-0.06,-0.01,0.03,0.08,0.12,0.17,0.21,0.26,0.3,0.34,0.39,0.43,0.48,0.52,0.56,0.61,0.65,0.69,0.74,0.78,0.82,0.86,0.91,0.95,0.99,1.03,1.07,1.11,1.15,1.19,1.23,1.27,1.31,1.35,1.38,1.42,1.46,1.49,1.53,1.57,1.6,1.64,1.67,1.7,1.74,1.77,1.8,1.83,1.86,1.89,1.92,1.95,1.98,2.01,2.04,2.06,2.09,2.11,2.14,2.16,2.19,2.21,2.23,2.25,2.27,2.29,2.31,2.33,2.35,2.37,2.38,2.4,2.42,2.43,2.44,2.46
-0.56,-0.49,-0.43,-0.38,-0.32,-0.26,-0.2,-0.13,-0.07,0,0.06,0.13,0.19,0.26,0.32,0.38,0.45,0.51,0.57,0.62,0.69,0.75,0.8,0.86,0.91,0.97,1.03,1.08,1.14,1.18,1.22,1.27,1.32,1.36,1.41,1.45,1.5,1.53,1.57,1.6,1.63,1.67,1.71,1.74,1.77,1.8,1.83,1.85,1.88,1.9,1.93,1.96,1.98,2,2.02,2.03,2.05,2.07,2.1,2.11,2.13,2.14,2.16,2.17,2.19,2.2,2.22,2.23,2.24,2.25,2.26,2.27,2.28,2.29,2.3,2.31,2.32,2.33,2.33,2.34,2.34,2.35,2.35,2.35
-1.06,-1.02,-0.98,-0.93,-0.87,-0.82,-0.76,-0.7,-0.63,-0.56,-0.49,-0.42,-0.34,-0.26,-0.19,-0.11,-0.04,0.03,0.11,0.18,0.25,0.31,0.38,0.45,0.5,0.56,0.61,0.66,0.71,0.76,0.81,0.86,0.9,0.93,0.96,0.99,1.02,1.07,1.1,1.15,1.19,1.24,1.29,1.34,1.38,1.43,1.47,1.52,1.56,1.61,1.66,1.7,1.74,1.79,1.84,1.89,1.95,1.99,2.04,2.07,2.11,2.14,2.17,2.17,2.18,2.19,2.2,2.21,2.22,2.23,2.24,2.24,2.24,2.24,2.23,2.22,2.21,2.19,2.17,2.15,2.13,2.11,2.08,2.05
-1.15,-1.18,-1.21,-1.24,-1.26,-1.29,-1.31,-1.33,-1.33,-1.34,-1.33,-1.32,-1.3,-1.23,-1.15,-1.08,-1,-0.92,-0.83,-0.71,-0.59,-0.48,-0.36,-0.25,-0.14,-0.03,0.08,0.19,0.28,0.38,0.46,0.54,0.62,0.69,0.76,0.83,0.89,0.96,1.03,1.1,1.17,1.24,1.32,1.39,1.46,1.54,1.64,1.74,1.84,1.87,1.91,1.95,2,2.07,2.12,2.18,2.24,2.29,2.3,2.31,2.31,2.39,2.46,2.53,2.51,2.47,2.45,2.5,2.55,2.61,2.59,2.57,2.54,2.51,2.47,2.43,2.4,2.36,2.32,2.28,2.24,2.2,2.15,2.11
-1.24,-1.26,-1.31,-1.39,-1.5,-1.59,-1.63,-1.66,-1.71,-1.76,-1.81,-1.88,-1.94,-2,-2.07,-2.1,-2.14,-2.14,-2.1,-2.06,-1.98,-1.89,-1.75,-1.6,-1.44,-1.25,-1.07,-0.89,-0.7,-0.53,-0.36,-0.2,-0.05,0.09,0.23,0.37,0.5,0.63,0.75,0.87,0.99,1.07,1.16,1.3,1.45,1.56,1.63,1.7,1.84,1.98,2.09,2.18,2.23,2.24,2.26,2.3,2.35,2.39,2.44,2.48,2.51,2.55,2.57,2.6,2.62,2.64,2.65,2.65,2.66,2.65,2.66,2.71,2.75,2.76,2.72,2.67,2.62,2.57,2.52,2.48,2.45,2.41,2.38,2.35
-2.03,-2.04,-2.05,-2.05,-2.05,-2.05,-2.04,-2.06,-2.09,-2.15,-2.21,-2.29,-2.37,-2.46,-2.57,-2.67,-2.77,-2.85,-2.9,-2.94,-2.92,-2.88,-2.78,-2.65,-2.49,-2.3,-2.1,-1.89,-1.67,-1.46,-1.26,-1.08,-0.9,-0.75,-0.6,-0.47,-0.34,-0.22,-0.1,0.03,0.16,0.29,0.44,0.6,0.78,0.95,1.12,1.27,1.45,1.63,1.84,2.05,2.23,2.39,2.52,2.63,2.73,2.8,2.84,2.85,2.84,2.85,2.87,2.89,2.9,2.92,2.92,2.9,2.87,2.83,2.78,2.72,2.66,2.59,2.58,2.64,2.62,2.55,2.48,2.4,2.35,2.31,2.29,2.27
-1.93,-1.89,-1.85,-1.82,-1.78,-1.75,-1.73,-1.73,-1.75,-1.78,-1.84,-1.91,-2.01,-2.11,-2.23,-2.36,-2.49,-2.63,-2.75,-2.87,-2.96,-3.04,-3.09,-3.09,-3.07,-3.07,-3.04,-2.95,-2.83,-2.71,-2.55,-2.39,-2.21,-2.02,-1.82,-1.6,-1.38,-1.14,-0.89,-0.62,-0.34,-0.06,0.24,0.55,0.85,1.14,1.42,1.68,1.91,2.12,2.3,2.45,2.58,2.69,2.79,2.88,2.96,3.04,3.11,3.16,3.21,3.24,3.25,3.23,3.17,3.12,3.11,3.1,3.09,3.06,3.02,2.94,2.85,2.73,2.61,2.5,2.47,2.42,2.28,2.16,2.06,2,1.96,1.94
-1.69,-1.67,-1.66,-1.64,-1.62,-1.59,-1.57,-1.54,-1.51,-1.49,-1.49,-1.52,-1.57,-1.64,-1.73,-1.84,-1.96,-2.09,-2.21,-2.32,-2.45,-2.56,-2.66,-2.76,-2.83,-2.88,-2.93,-2.98,-3.01,-3,-2.97,-2.9,-2.81,-2.65,-2.44,-2.17,-1.85,-1.47,-1.08,-0.68,-0.3,0.07,0.44,0.8,1.16,1.5,1.81,2.07,2.31,2.51,2.69,2.86,3.02,3.18,3.31,3.43,3.52,3.55,3.56,3.54,3.49,3.42,3.36,3.29,3.25,3.21,3.19,3.19,3.15,3.09,3.01,2.96,2.9,2.81,2.67,2.51,2.32,2.31,2.19,2.01,1.85,1.73,1.64,1.58
-1.06,-1.04,-0.99,-0.94,-0.89,-0.85,-0.81,-0.78,-0.76,-0.74,-0.74,-0.76,-0.81,-0.9,-1.04,-1.21,-1.44,-1.72,-1.98,-2.14,-2.12,-2.26,-2.4,-2.51,-2.59,-2.62,-2.63,-2.6,-2.53,-2.44,-2.31,-2.17,-2.02,-1.86,-1.69,-1.49,-1.27,-1.03,-0.76,-0.46,-0.16,0.16,0.48,0.78,1.06,1.3,1.5,1.64,1.74,1.82,1.88,1.97,2.16,2.37,2.6,2.86,3.14,3.37,3.53,3.61,3.61,3.51,3.38,3.23,3.08,2.96,2.87,2.75,2.71,2.69,2.66,2.55,2.36,2.24,2.09,1.92,1.85,1.74,1.55,1.38,1.25,1.17,1.11,1.05
-1.3,-1.43,-1.6,-1.8,-1.99,-2.11,-1.99,-1.49,-0.76,0.09,0.86,1.34,1.38,0.92,0.38,-0.13,-0.56,-0.92,-1.25,-1.52,-1.71,-1.79,-1.79,-1.77,-1.75,-1.77,-1.8,-1.85,-1.87,-1.87,-1.81,-1.71,-1.55,-1.34,-1.07,-0.77,-0.46,-0.16,0.13,0.4,0.64,0.89,1.12,1.35,1.57,1.8,2.01,2.18,2.26,2.24,2.13,1.98,1.82,1.72,1.68,1.76,1.94,2.16,2.38,2.56,2.64,2.6,2.46,2.29,2.11,1.97,1.86,1.78,1.7,1.54,1.43,1.39,1.35,1.16,0.89,0.76,0.71,0.56,0.44,0.34,0.25,0.19,0.16,0.16
-0.64,-0.52,-0.36,-0.15,0.16,0.55,0.92,1.09,0.89,0.35,-0.24,-0.53,-0.35,0.13,0.59,0.65,0.33,-0.13,-0.52,-0.75,-0.87,-0.99,-1.12,-1.26,-1.4,-1.46,-1.44,-1.34,-1.23,-1.14,-1.04,-0.93,-0.79,-0.58,-0.32,-0.05,0.21,0.42,0.58,0.72,0.87,1.07,1.34,1.68,2.04,2.34,2.57,2.75,2.74,2.64,2.46,2.27,2.07,1.87,1.7,1.55,1.43,1.38,1.3,1.2,1.08,0.93,0.76,0.59,0.46,0.38,0.32,0.25,0.18,0.1,0.01,-0.09,-0.2,-0.34,-0.5,-0.68,-0.87,-1.08,-1.25,-1.29,-1.23,-1.07,-0.81,-0.5
0,0.14,0.31,0.5,0.71,0.94,1.19,1.43,1.54,1.4,1,0.43,-0.19,-0.8,-1.3,-1.48,-1.32,-0.78,-0.14,0.31,0.17,-0.24,-0.78,-1.25,-1.53,-1.66,-1.69,-1.62,-1.49,-1.4,-1.26,-1.07,-0.79,-0.39,0.1,0.63,1.14,1.55,1.81,1.94,2,2.04,2.11,2.21,2.35,2.53,2.67,2.81,2.9,2.95,2.97,2.94,2.8,2.6,2.18,1.63,1.02,0.42,-0.12,-0.55,-0.86,-1.02,-1.06,-1.03,-0.93,-0.94,-1.02,-1.08,-1.18,-1.35,-1.46,-1.58,-1.74,-1.95,-2.2,-2.48,-2.7,-2.8,-2.72,-2.46,-2.02,-1.49,-0.98,-0.56
0.36,0.53,0.68,0.8,0.89,0.97,1.02,1.03,1.02,0.99,0.94,0.93,0.96,1.04,1.08,1.01,0.77,0.36,0,-0.17,-0.26,-0.45,-0.81,-1.29,-1.71,-1.92,-1.93,-1.79,-1.57,-1.31,-1.02,-0.68,-0.24,0.31,0.9,1.42,1.88,2.24,2.49,2.67,2.79,2.82,2.81,2.75,2.72,2.81,2.98,3.15,3.36,3.54,3.61,3.47,3.06,2.38,1.52,0.62,-0.19,-0.88,-1.41,-1.76,-1.93,-2,-2.02,-2.04,-1.95,-1.96,-2.02,-2.13,-2.24,-2.37,-2.52,-2.69,-2.89,-3.14,-3.44,-3.7,-3.82,-3.81,-3.56,-3.08,-2.46,-1.82,-1.29,-0.91
-0.08,0.15,0.39,0.61,0.81,0.95,1.05,1.06,1.02,0.89,0.69,0.35,-0.13,-0.64,-0.96,-0.92,-0.43,0.22,0.63,0.56,0.23,-0.06,-0.31,-0.52,-0.58,-0.58,-0.69,-1.02,-1.42,-1.52,-1.06,-0.16,0.92,1.9,2.69,3.24,3.6,3.96,4.16,4.21,4.13,3.94,3.71,3.56,3.56,3.68,3.81,3.81,3.58,3.18,2.67,2.08,1.41,0.64,-0.2,-1.03,-1.76,-2.27,-2.51,-2.58,-2.6,-2.68,-2.81,-2.92,-2.95,-2.74,-2.81,-2.94,-3.1,-3.33,-3.55,-3.77,-3.97,-4.14,-4.29,-4.43,-4.49,-4.33,-4.09,-3.73,-3.24,-2.69,-2.19,-1.82
-0.01,0.2,0.47,0.73,1.01,1.38,1.85,2.34,2.7,2.96,2.98,2.74,2.56,2.38,2.58,2.96,3.1,3.7,3.91,3.94,3.72,3.79,3.81,3.65,3.21,2.55,1.74,1.09,1.11,2.25,4.35,6.17,7.12,7.16,6.71,6.17,5.66,5.22,4.81,4.43,4.07,3.82,3.71,3.76,3.84,3.77,3.48,2.96,2.28,1.54,0.81,0.22,-0.21,-0.53,-1.05,-1.77,-2.44,-3.26,-3.58,-3.55,-3.6,-3.69,-3.81,-3.92,-4.02,-4.11,-4.17,-4.23,-4.16,-4.31,-4.49,-4.63,-4.75,-4.9,-4.99,-4.99,-4.91,-4.78,-4.58,-4.24,-3.79,-3.31,-2.86,-2.51
1.2,1.22,1.74,2.44,2.9,3.06,3.05,2.85,2.57,2.13,1.85,1.91,2.25,2.61,2.73,2.58,2.38,2.33,2.27,2.24,2.45,2.59,2.54,2.36,2.24,2.15,2.01,2.03,2.64,3.61,4.96,5.71,5.77,5.69,5.65,5.57,5.36,5.06,4.75,4.49,4.27,4.06,3.78,3.36,2.75,2.04,1.33,0.64,-0.01,-0.55,-0.95,-1.21,-1.37,-1.57,-2.09,-2.73,-3.12,-3.8,-3.83,-3.92,-3.85,-3.88,-4.06,-4.34,-4.75,-4.93,-5.07,-4.85,-4.82,-4.85,-4.95,-5.09,-5.17,-5.22,-5.26,-5.3,-5.24,-5.06,-4.76,-4.31,-3.79,-3.28,-2.88,-2.58
-2.3,-2.25,-0.53,2.04,4.23,4.68,4.27,3.98,4.09,3.93,2.99,1.65,0.61,0.19,0.29,0.8,1.38,1.75,1.8,1.69,1.48,1.32,1.37,1.59,2.03,2.28,2.44,2.56,2.62,3.1,3.87,4.37,4.51,4.79,5.13,5.04,4.66,4.2,3.89,3.75,3.84,3.79,3.27,2.28,1.09,0.15,-0.45,-0.86,-1.15,-1.4,-1.59,-1.73,-1.82,-1.94,-2.16,-2.48,-2.82,-3.14,-3.42,-3.77,-4.12,-4.29,-4.37,-4.38,-4.33,-4.36,-4.52,-4.74,-4.92,-5.04,-5.1,-5.13,-5.14,-5.14,-5.15,-5.15,-5.09,-4.93,-4.64,-4.25,-3.8,-3.36,-2.95,-2.58
-1.64,-2.11,-1.97,-0.88,0.67,2.21,3.07,3.07,2.82,2.48,2.06,1.77,1.82,2.04,2.08,1.75,1.17,0.59,0.24,0.2,0.49,1.06,1.7,2.39,2.74,2.73,2.58,2.48,2.63,3.15,3.85,4.16,3.96,3.53,3.13,2.84,2.35,2.13,2.29,2.48,2.7,2.31,1.81,1.06,0.4,-0.28,-0.63,-0.86,-1.16,-1.52,-1.79,-1.91,-1.98,-2.2,-2.63,-2.9,-2.92,-3.04,-3.28,-3.6,-3.96,-4.2,-4.18,-3.97,-3.93,-4,-4.19,-4.42,-4.63,-4.78,-4.84,-4.84,-4.8,-4.76,-4.7,-4.66,-4.61,-4.52,-4.36,-4.11,-3.78,-3.38,-2.89,-2.34
-1.35,-0.87,-0.79,-0.31,0.9,2.33,3.26,3.6,3.83,4,4.06,4.04,3.82,3.22,2.34,1.46,0.87,0.8,1.16,1.68,2.22,2.91,3.49,3.62,3.39,3.2,3.17,3.32,3.34,3.24,3.26,3.3,2.99,2.48,2.09,1.82,1.55,1.12,0.54,-0.16,-0.74,-0.98,-0.85,-0.53,-0.45,-0.65,-1.03,-1.25,-1.34,-1.62,-1.93,-2.2,-2.64,-3.27,-3.46,-2.94,-2.49,-2.51,-2.95,-3.29,-3.51,-3.74,-3.72,-3.85,-4.05,-4.36,-4.47,-4.46,-4.54,-4.64,-4.66,-4.6,-4.51,-4.39,-4.29,-4.19,-4.1,-4,-3.88,-3.7,-3.47,-3.19,-2.84,-2.42
0.54,1.29,2.64,3.76,3.85,3.46,3.59,4.43,5.16,5.16,4.65,4.14,3.73,3.22,2.66,2.19,2.1,2.61,3.2,3.77,4.31,4.53,4.47,4.37,4.17,4.12,4.09,3.74,3.08,2.62,2.42,2.26,1.9,1.4,0.78,0.21,-0.19,-0.42,-0.67,-1.03,-1.44,-1.76,-2.18,-2.4,-2.07,-1.68,-1.94,-2.44,-2.87,-2.79,-2.77,-2.89,-3.11,-3.21,-2.73,-1.71,-0.95,-1.08,-1.91,-2.76,-3.29,-3.54,-3.69,-3.74,-3.8,-3.78,-4.01,-4.27,-4.32,-4.26,-4.18,-4.06,-3.96,-3.92,-3.85,-3.86,-3.83,-3.75,-3.64,-3.52,-3.39,-3.25,-3.08,-2.84
-0.57,-1.12,0.96,4.32,5.55,5.02,4.54,4.94,5.44,4.77,4.05,4,3.68,2.94,1.81,1.15,1.78,3.05,3.69,3.84,4.46,4.92,4.25,3.4,2.99,2.52,2.17,2.14,2.23,2.31,2.01,1.32,0.59,0.01,-0.21,-0.18,-0.31,-0.83,-1.69,-2.82,-4.1,-4.74,-4.3,-2.74,-0.98,0.16,-0.16,-1.8,-3.11,-3.13,-2.51,-1.99,-1.7,-1.53,-1.54,-1.83,-1.97,-1.64,-1.57,-1.97,-2.49,-2.92,-3.26,-3.27,-2.65,-2.25,-2.31,-2.89,-3.57,-3.44,-3.27,-3.47,-3.68,-3.69,-3.64,-3.67,-3.73,-3.75,-3.4,-2.78,-2.61,-2.66,-2.59,-2.72
-1.43,-2.06,-0.16,2.86,4.42,4.52,3.48,2.34,2.15,2.37,2.53,2.36,2.21,1.69,0.71,0.5,1.61,2.9,3.26,3.19,2.92,2.5,2.07,1.83,1.82,1.84,1.74,1.53,1.32,1.07,0.67,0.26,0.04,-0.07,-0.2,-0.74,-1.76,-2.89,-3.77,-4.39,-4.58,-3.78,-2.08,-0.46,0.62,0.89,0.14,-1.16,-2.44,-2.55,-2.22,-2.08,-2.15,-1.85,-1.18,-0.83,-1.04,-1.22,-1.61,-2.21,-2.63,-2.91,-3.18,-3.15,-2.94,-2.74,-2.74,-3.13,-3.32,-3.31,-3.3,-3.28,-3.13,-2.96,-2.88,-3.13,-3.29,-3.33,-2.65,-2.55,-2.89,-2.57,-2.23,-2.56
-3.33,-3.26,-0.11,3.03,3.65,3.07,3.31,3.12,2.44,2.04,1.81,1.78,1.84,1.69,1.18,1.01,1.45,2.17,2.66,2.61,2.71,2.81,2.42,1.97,1.99,2.05,1.66,1,0.43,0.08,-0.17,-0.32,-0.35,-0.6,-1.37,-2.31,-2.97,-3.37,-3.84,-4.21,-3.72,-2.07,-0.31,0.8,1.23,0.49,-1.06,-2.45,-2.86,-2.92,-2.96,-3.2,-3.45,-2.35,-0.73,-0.31,-0.91,-1.16,-1.02,-1.09,-1.45,-1.81,-1.96,-1.67,-1.57,-2.24,-2.62,-2.47,-2.19,-1.82,-1.67,-1.38,-1.07,-0.76,-0.78,-0.93,-1.58,-2.49,-2.09,-0.59,0.41,0.65,0.1,-1.63
-3.66,-1.47,1.8,3.2,2.26,1.66,1.86,2.19,1.99,1.88,1.95,1.83,1.77,1.69,1.21,1.16,1.81,2.52,2.77,2.41,2.03,1.74,1.23,0.85,0.88,1.14,0.96,0.3,-0.39,-0.98,-1.34,-1.48,-1.73,-2.28,-2.82,-3.3,-3.7,-4.11,-4.85,-4.05,-2.28,-0.6,0.27,0.56,0.47,-0.67,-1.93,-2.38,-2.24,-2.2,-1.98,-1.4,-1.14,-1.23,-1.14,-0.8,-0.55,-0.87,-1.52,-1.69,-1.01,-0.67,-1.35,-1.85,-1.56,-1.38,-1.83,-2.06,-1.79,-1.29,-0.77,-0.44,-0.29,-0.35,-0.3,0.04,0.48,0.26,-0.38,-0.36,-0.32,-0.78,-0.6,-0.17
-1.05,1.61,2.51,2.16,2.16,2.25,2.3,2.2,1.94,1.63,1.47,1.49,1.48,1.46,1.37,1.23,1.25,1.15,1.11,1.25,1.15,0.74,0.26,0,0.01,0.04,-0.15,-0.63,-1.27,-1.87,-2.29,-2.59,-2.92,-3.08,-3.33,-3.63,-3.87,-4.19,-4.41,-3.53,-2.8,-2.02,-1.39,-1.47,-1.58,-0.9,-1.14,-1.94,-2.07,-1.85,-1.91,-2.23,-2.51,-2.79,-2.48,-1.37,-0.81,-0.99,-1.1,-0.79,-0.64,-0.33,-0.67,-1.41,-1.43,-1.28,-1.66,-1.86,-1.18,-1.13,-1.48,-1.75,-1.61,-1.08,-0.96,-0.86,-0.62,-0.57,-0.71,-1.11,-1.79,-2.44,-2.72,-2.32
1.78,2.29,1.74,2.16,2.28,1.93,1.8,1.46,1.36,1.18,0.8,0.74,0.9,0.87,0.75,0.77,0.59,0.29,0.27,0.29,0.07,-0.24,-0.36,-0.38,-0.53,-0.93,-1.55,-2.08,-2.56,-2.88,-3.07,-3.02,-3.21,-3.41,-3.52,-3.7,-3.93,-3.93,-3.84,-3.68,-3.3,-2.51,-1.18,-0.78,-0.86,-1.61,-3.01,-3.02,-2.08,-1.85,-1.97,-2.28,-2.85,-2.88,-2.54,-2.18,-1.12,-1.27,-2.75,-3.16,-2.86,-2.2,-1.96,-1.74,-1.08,-1.07,-1.73,-2.17,-1.69,-1.33,-1.04,-0.99,-0.75,-0.26,-0.52,-0.91,-0.62,-0.59,-0.86,-1.29,-2.54,-3.8,-3.09,-2.31
1.95,1.75,2.09,2.25,1.94,1.3,0.67,0.56,1.01,1.14,0.58,0.11,0.06,0.01,-0.15,-0.41,-0.47,-0.33,-0.32,-0.59,-0.88,-1.11,-1.23,-1.32,-1.59,-1.85,-2.02,-2.33,-2.72,-3.02,-3.03,-3.12,-3.26,-3.28,-3.41,-3.56,-3.62,-3.54,-3.41,-2.72,-1.23,0.98,1.22,-0.55,-2.11,-3.51,-4.25,-4.3,-4.46,-4.82,-4.94,-4.78,-4.61,-3.9,-2.16,-0.92,-0.91,-1.97,-2.45,-1.69,-1.16,-1.45,-1.32,-0.82,-0.51,-0.52,-1.82,-2.42,-2.29,-2.1,-2,-2.05,-1.71,-1.08,-1.32,-1.79,-1.58,-1.24,-1.12,-0.86,-0.64,-1.16,-1.68,-1.3
1.51,2.03,2.04,2,1.51,0.72,0.47,0.52,0.64,0.86,0.99,1.08,0.94,0.39,-0.03,-0.1,0.02,-0.08,-0.54,-0.62,-0.64,-0.96,-1.09,-1.3,-1.73,-2.16,-2.26,-2.41,-2.67,-2.66,-2.66,-2.9,-3.16,-3.05,-2.83,-2.65,-2.68,-2.73,-2.65,-2.3,-2.06,-2.08,-1.96,-1.62,-1.59,-2.06,-2.54,-2.3,-1.9,-1.69,-2.33,-3.55,-3.63,-1.87,-0.2,0.36,0.37,0.21,0.95,1.36,0.42,-0.35,0.17,1.03,0.35,-1.47,-2.79,-3.37,-3.32,-3.07,-2.43,-1.37,-0.51,-0.56,-1.48,-2.1,-2.41,-2.88,-3.19,-3.02,-2.41,-1.28,-0.4,0.27
2.57,2.2,1.56,0.9,0.5,0.62,0.7,0.19,-0.12,0.07,0.3,0.19,-0.18,-0.28,0.11,0.2,-0.29,-0.62,-0.73,-1,-1.51,-1.74,-1.58,-1.8,-2.13,-2.46,-2.59,-2.65,-2.77,-2.87,-3.2,-3.4,-2.77,-2.77,-2.75,-2.77,-3,-2.72,-2.62,-2.41,-1.98,-1.46,-1.18,-0.88,-0.65,-0.74,-0.75,-0.81,-1.39,-2.02,-2.4,-2.2,-0.36,1.29,1.31,0.89,0.85,0.85,1.78,1.89,1.73,1.98,1.89,1.55,1.43,0.82,0.95,0.84,0.19,-0.14,0.17,0.4,-0.74,-2.68,-2.28,-0.41,1.37,0.71,-1.01,-1.83,-1.08,0.64,0.7,1
1.43,0.95,-0.05,-0.97,-0.73,0.16,0.61,1,0.66,-0.08,-0.38,-0.52,-0.29,-0.06,-0.18,-0.62,-1.09,-1.33,-1.69,-1.97,-1.99,-1.67,-1.45,-1.86,-2.31,-2.65,-2.8,-2.91,-2.84,-2.75,-2.56,-2.43,-2.59,-2.88,-2.99,-2.9,-2.72,-2.56,-2.66,-2.66,-2.1,-1.49,-1.2,-1.1,-1.26,-1.33,-1.38,-1.81,-2.09,-1.63,-0.5,0.48,0.46,0.22,0.73,1.01,0.94,0.63,0.6,0.37,0.27,-0.03,0.2,0.37,0.66,1.01,0.93,0.42,0.49,-0.06,-0.98,-1.62,-1.15,0.05,2.62,4.85,2.95,1.2,3.55,2.72,0.81,-0.01,-0.29,0.03
0.36,0.03,-0.27,-0.68,-0.72,0.14,0.74,0.26,-0.12,-0.02,-0.18,-0.26,-0.13,-0.24,-0.56,-0.93,-1.39,-1.67,-1.74,-1.78,-1.88,-1.83,-1.61,-1.72,-1.89,-2.19,-2.75,-2.94,-2.87,-2.51,-1.74,-1.47,-1.74,-2.12,-2.62,-2.55,-2.6,-2.26,-2.35,-2.36,-2.44,-2.92,-3.24,-3.12,-2.47,-1.59,-1.05,-0.9,-1.13,-1.11,-0.52,0.14,0.62,0.74,0.38,0.16,0.09,0.14,0.01,-0.22,-0.63,-0.35,-0.12,0.19,0.46,0.4,0.25,0.05,-0.08,-0.01,0.09,1.53,2.4,3.36,3.69,4.62,6.84,5.7,1.2,-0.81,-2.09,-2.42,-2.55,-2.23
-1,-0.18,0.32,0.29,0.41,0.92,1.23,0.66,-0.36,-1.29,-1.6,-1.47,-1.41,-1.43,-1.3,-1.28,-1.23,-1.64,-2.07,-2.04,-1.68,-1.58,-1.83,-2.09,-2.17,-2.55,-2.76,-2.77,-2.31,-1.61,-1.94,-3.03,-3.19,-2.92,-2.6,-1.87,-1.89,-2.16,-2.44,-3.18,-3.97,-3.47,-2.12,-1.21,-0.76,-0.74,-1.09,-0.88,0.01,0.37,0.14,0.39,0.69,0.16,-0.22,0.12,0.4,0,-2.15,-2.36,-0.39,0.39,0.8,1.66,2.37,2.75,2.55,1.55,-0.07,-0.4,1.24,2.87,4.85,5.37,5.23,5.29,3.34,0.7,-0.81,0.72,0.96,-0.91,-3.07,-3.98
-1.42,-2.01,-0.95,0.14,-0.18,-0.42,-0.07,-0.14,-0.5,-0.92,-1.22,-0.96,-0.66,-0.58,-0.47,-0.85,-1.2,-1.46,-1.65,-1.12,-1.05,-1.54,-1.94,-2.3,-2.43,-1.85,-1.5,-1.6,-1.84,-2.2,-2.81,-2.79,-2.4,-2.16,-1.65,-1.99,-2.1,-2.27,-2.57,-2.59,-2.26,-1.08,0.5,0.3,0.94,1.78,1.28,1.19,1.59,0.78,0.64,0.89,0.68,-0.07,0.32,0.95,-1.1,-5.81,-5.74,-1.75,1.46,3.76,5.63,6.58,6.67,6.03,5.03,3.9,2.93,2.73,3.16,3.39,4.33,4.85,2.95,1.99,1.2,-0.9,0.21,0.48,-1.53,-2.97,-3.05,-2.94
-1.11,-1.46,-2.06,-1.91,-0.94,-0.74,-0.91,-0.78,-0.86,-1.02,-0.58,-0.74,-1.2,-1.16,-1.02,-0.64,-0.35,-0.67,-0.89,-1.02,-1.34,-1.56,-2.11,-2.35,-2.22,-1.12,-1.87,-2.46,-2.21,-2.53,-2.33,-2.54,-2.95,-2.6,-2.68,-2.86,-2.43,-1.91,-2.39,-2.54,-1.87,-0.75,0.32,0.95,1.21,1.44,2.13,2.24,2.47,2.19,1.96,2.02,1.73,2.54,1.08,-2.36,-6.85,-7.83,-3.19,1.29,3.89,5.84,7.11,7.49,7.21,6.81,6.32,5.62,4.59,3.47,2.68,2.8,3.63,2.16,1.71,1.47,-1.06,0.47,0.86,-0.07,-1.32,-2.46,-1.43,0.2
-1.3,-1.11,-1.69,-2.04,-1.75,-1.21,-0.75,-0.62,-0.86,-0.68,-0.94,-1.74,-1.12,-0.35,-0.09,-0.21,-0.41,-0.84,-1.37,-0.66,-0.74,-1.33,-1.09,-1.2,-1.32,-0.99,-0.99,-0.19,0.02,-1.06,-1.54,-1.02,-1.7,-2.77,-3.83,-3.1,-3.08,-3.6,-3.18,-3.39,-1.45,-0.8,-0.06,0.84,1.42,1.7,2.96,3.03,2.51,2.67,3.04,3.06,2.22,-1.02,-4.53,-7.55,-7.09,-3.52,1.13,4.75,6.76,8.32,9.46,9.66,8.82,7.94,6.93,5.84,4.88,3.8,2.48,1.93,1.31,1.65,1.17,-1.5,-0.25,0.22,-1.31,-1.17,-0.48,0.33,1.9,2.08
-1.04,-1.74,-2.33,-1.61,-0.69,-0.63,-1.03,-1.71,-1.63,-1.18,-0.66,-0.44,0.2,0.47,0.78,1.09,0.43,-0.31,-0.79,-0.83,-0.95,-1.44,-1.46,-0.78,-0.16,0.1,-0.56,-0.91,-1.3,-1.43,-1.96,-2.36,-1.97,-1.96,-1.9,-2.08,-2.09,-2.39,-2.21,-1.59,-1.09,-1.51,-0.29,0.54,0.66,0,-0.41,0.28,1.13,0.7,0.02,-0.81,-2.12,-2.66,-5.05,-5.99,-3.83,-0.04,4.58,6.42,8.63,10.04,10.92,10.75,9.46,8.49,7.48,6.22,4.97,3.53,1.62,-0.47,-0.7,0.14,-0.75,-0.04,-1.28,-2.24,-0.77,1.67,2.76,2.74,2.05,1.88
-1.24,-1.55,-1.8,-1.32,-0.59,-0.33,-0.69,-1.63,-1.78,-1.17,-0.52,-0.81,-0.75,0.39,0.48,0.25,0.64,0,-0.81,-0.79,-0.84,-1.06,-0.24,-0.56,-2.12,-1.21,0.57,-0.2,-1.97,-1.83,-1.12,-1.34,-1.73,-1.69,-1.9,-2.62,-2.58,-2.37,-2.07,-1.57,-0.65,0.72,1.88,1.88,2.78,2.94,2.76,1.96,0.31,-0.92,0.55,1.29,-1.31,-2.2,-3.98,-1.59,-1.61,2.23,7.54,6.06,9.98,10.8,11.73,10.7,9.18,8.22,7.24,5.87,4.18,1.98,-0.3,-3.4,-2.67,-1.06,-0.58,-1.02,-2.19,0.24,2.58,3.66,3.23,2.78,3.11,3.69
